# lower bound (cm-1))     upper bound (cm-1)       effective nu (cm-1) DISORT cloudy (RU = mW/[m2 sr cm-1]) DISORT clear (RU)LBLRTM clear (RU)  
5.580000000000000000e+02 5.620000000000000000e+02 5.599785461425781250e+02 1.098401322960853577e+02 6.449172645807266235e+01 6.448721708336503866e+01
5.710000000000000000e+02 5.740000000000000000e+02 5.725135803222656250e+02 1.106599867343902588e+02 8.230281621217727661e+01 8.231196839385843589e+01
7.708999999999999773e+02 7.747999999999999545e+02 7.728330688476562500e+02 8.481460809707641602e+01 1.348069682717323303e+01 1.349058968501519651e+01
7.858999999999999773e+02 7.907000000000000455e+02 7.883210678100585938e+02 8.205058425664901733e+01 9.128585457801818848e+00 9.125933235192647430e+00
8.095000000000000000e+02 8.135000000000000000e+02 8.115229339599609375e+02 7.821892201900482178e+01 7.554863113909959793e+00 7.546712650266311329e+00
8.170000000000000000e+02 8.235000000000000000e+02 8.202612991333007812e+02 7.668324559926986694e+01 6.373897660523653030e+00 6.376668007051710774e+00
8.286000000000000227e+02 8.346000000000000227e+02 8.315910415649414062e+02 7.474479079246520996e+01 5.591120105236768723e+00 5.590952519142503796e+00
8.431000000000000227e+02 8.481000000000000227e+02 8.455724258422851562e+02 7.235834002494812012e+01 5.068990401923656464e+00 5.079680436923940334e+00
8.601000000000000227e+02 8.640000000000000000e+02 8.620849227905273438e+02 6.946965306997299194e+01 4.489329177886247635e+00 4.493636479822477270e+00
8.725000000000000000e+02 8.775000000000000000e+02 8.749815444946289062e+02 6.719965487718582153e+01 4.150423221290111542e+00 4.156951273216990650e+00
8.918999999999999773e+02 8.957999999999999545e+02 8.938443603515625000e+02 6.380409747362136841e+01 3.657868597656488419e+00 3.661917512749171877e+00
8.982000000000000455e+02 9.047999999999999545e+02 9.014979629516601562e+02 6.245244294404983521e+01 3.456918522715568542e+00 3.465741194071582765e+00
9.296000000000000227e+02 9.397000000000000455e+02 9.346434860229492188e+02 5.703958496451377869e+01 3.427271964028477669e+00 3.435569025670991650e+00
9.580000000000000000e+02 9.642999999999999545e+02 9.611599044799804688e+02 5.305169895291328430e+01 2.751502441242337227e+00 2.769392056092086829e+00
9.850000000000000000e+02 9.915000000000000000e+02 9.882789688110351562e+02 4.952300339937210083e+01 3.505136817693710327e+00 3.499552562740484873e+00
1.076599999999999909e+03 1.084799999999999955e+03 1.080724845886230469e+03 3.983514010906219482e+01 3.652957035228610039e+00 3.662466452192947752e+00
1.092200000000000045e+03 1.098099999999999909e+03 1.095128082275390625e+03 3.811982646584510803e+01 1.699693966656923294e+00 1.702264079999681323e+00
1.113599999999999909e+03 1.116599999999999909e+03 1.115135925292968750e+03 3.627805039286613464e+01 1.547074294649064541e+00 1.549103322233335467e+00
1.124400000000000091e+03 1.132599999999999909e+03 1.128454399108886719e+03 3.513814881443977356e+01 1.705594477243721485e+00 1.703657948883954276e+00
1.142200000000000045e+03 1.148000000000000000e+03 1.145087425231933594e+03 3.381327167153358459e+01 1.985893351957201958e+00 1.986319180018785602e+00
1.155200000000000045e+03 1.163400000000000091e+03 1.159309867858886719e+03 3.261966630816459656e+01 2.157581504434347153e+00 2.154670131466895455e+00
