772.9015869140626,47.16705370122032,47.16719995089248,-0.00014624967216292362
788.3515869140625,45.58264492062076,45.58278224972232,-0.0001373291015625
811.4515869140624,43.007086298526374,43.007210952277596,-0.00012465375122161504
820.1515869140625,42.08763936443465,42.08801673198401,-0.00037736754936190664
831.4015869140626,40.97407770368356,40.97419085342546,-0.00011314974189957638
845.5015869140625,40.11863909126662,40.11874719427658,-0.00010810300995700572
862.0015869140625,37.87018304555123,37.87045258748083,-0.00026954192959749435
874.7515869140624,36.665552368971085,36.665640107008194,-8.7738037109375e-05
893.8015869140625,34.83215487025156,34.832227349499604,-7.2479248046875e-05
901.4515869140624,34.08114596113669,34.08121019536094,-6.423422424717273e-05
934.6015869140625,31.261543374647445,31.261557987669406,-1.461302196048564e-05
961.0015869140625,29.087794352984503,29.087768295846903,2.6057137599622138e-05
988.1515869140625,27.049605232530542,27.049540690894634,6.454163590774442e-05
1080.7015869140623,21.254079430579772,21.25404195789406,3.7472685711748e-05
1095.1015869140626,20.477185219531087,20.477158516650228,2.6702880859375e-05
1114.9015869140624,19.234934018897807,19.23490922336558,2.47955322265625e-05
1128.4015869140624,18.38158435604257,18.381560822402264,2.3533640305828385e-05
1145.0515869140622,17.709856492392483,17.709835203184717,2.1289207765562423e-05
1159.3015869140625,17.115427604088467,17.115406623253506,2.09808349609375e-05
0.00013011123795386622
