772.9015869140626,47.218392305733126,47.19917157271145,0.01922073302167604
788.3515869140625,45.63129915860273,45.61256051157643,0.018738647026296462
811.4515869140624,43.05155426863616,43.033430641927175,0.018123626708984375
820.1515869140625,42.131323502657985,42.11320336234169,0.01812014031629161
831.4015869140626,41.015193449002915,40.99772219435729,0.01747125464562771
845.5015869140625,40.15620169809367,40.13951392809226,0.01668777000140409
862.0015869140625,37.90519196286206,37.88866811540823,0.01652384745383273
874.7515869140624,36.697346900710265,36.681357039970734,0.01598986073953057
893.8015869140625,34.85851400676118,34.84319928888145,0.015314717879732598
901.4515869140624,34.10515690800618,34.09009143724568,0.015065470760497135
934.6015869140625,31.270122375984904,31.25620380724417,0.013918568740734827
961.0015869140625,29.08488777098554,29.071488771409495,0.013398999576043735
988.1515869140625,27.03506053834548,27.022755808011613,0.012304730333866587
1080.7015869140623,21.2487828100606,21.23912716587241,0.009655644188189427
1095.1015869140626,20.47355274234577,20.46430441497102,0.00924832737474901
1114.9015869140624,19.23191776120435,19.223120801132566,0.008796960071784099
1128.4015869140624,18.378700089668015,18.370189115805164,0.008510973862851046
1145.0515869140622,17.707373604180827,17.69938481721185,0.007988786968976314
1159.3015869140625,17.113146209716845,17.10556118304918,0.007585026667666028
0.014374562818775286
