772.9015869140626,47.19928935767919,47.19931095468672,-2.159700753168181e-05
788.3515869140625,45.60826665309777,45.60827613031148,-9.477213708919408e-06
811.4515869140624,43.022055346623816,43.02206482290616,-9.476282343712228e-06
820.1515869140625,42.098918072689834,42.09892951678163,-1.1444091796875e-05
831.4015869140626,40.9800279254467,40.980033031320026,-5.105873327693189e-06
845.5015869140625,40.118221280630586,40.118223863603625,-2.582973039011449e-06
862.0015869140625,37.8594446890473,37.859651077751714,-0.0002063887044130297
874.7515869140624,36.646515968080664,36.64650833868613,7.62939453125e-06
893.8015869140625,34.8022887621673,34.80226716562545,2.159654184907822e-05
901.4515869140624,34.04716059237507,34.04714090325947,1.9689115603682694e-05
934.6015869140625,31.199040046331838,31.19900506828935,3.497804248908665e-05
961.0015869140625,29.001302886761096,29.001025064648836,0.00027782211225968467
988.1515869140625,26.946069481200183,26.94602751953026,4.1961669921875e-05
1080.7015869140623,21.14304104930366,21.14300736243716,3.368686649807273e-05
1095.1015869140626,20.372411191240325,20.3723806736622,3.0517578125e-05
1114.9015869140624,19.139944992034344,19.139916998240064,2.7993794279979056e-05
1128.4015869140624,18.293404236491632,18.293380057394618,2.4179097014354056e-05
1145.0515869140622,17.63186064410537,17.631837447548975,2.319655639482221e-05
1159.3015869140625,17.045635868952875,17.045616795466547,1.9073486328125e-05
8.234203128350834e-05
