772.9015869140626,47.198348889278144,47.19917157271145,-0.0008226834333058264
788.3515869140625,45.61190696646456,45.61256051157643,-0.0006535451118736546
811.4515869140624,43.033025668387744,43.033430641927175,-0.0004049735394318077
820.1515869140625,42.11316049740734,42.11320336234169,-4.286493435046168e-05
831.4015869140626,40.99754671828307,40.99772219435729,-0.00017547607421875
845.5015869140625,40.13949990102743,40.13951392809226,-1.4027064835886449e-05
862.0015869140625,37.88884077954996,37.88866811540823,0.0001726641417292285
874.7515869140624,36.681749953789094,36.681357039970734,0.000392913818359375
893.8015869140625,34.843837634966555,34.84319928888145,0.0006383460851040468
901.4515869140624,34.090818197535604,34.09009143724568,0.0007267602899219128
934.6015869140625,31.257701781593365,31.25620380724417,0.0014979743491956299
961.0015869140625,29.073915509896263,29.071488771409495,0.0024267384867684427
988.1515869140625,27.02563183957528,27.022755808011613,0.002876031563666004
1080.7015869140623,21.242369042017348,21.23912716587241,0.0032418761449370948
1095.1015869140626,20.467373338921217,20.46430441497102,0.0030689239501953125
1114.9015869140624,19.22592442949382,19.223120801132566,0.002803628361252919
1128.4015869140624,18.372785546665146,18.370189115805164,0.0025964308599810693
1145.0515869140622,17.701691418454523,17.69938481721185,0.002306601242672457
1159.3015869140625,17.107619505662235,17.10556118304918,0.0020583226130561627
0.0018196602524875617
