772.9015869140626,47.2185138465672,47.19931095468672,0.019202891880475192
788.3515869140625,45.62699951854872,45.60827613031148,0.018723388237241068
811.4515869140624,43.04016876049955,43.02206482290616,0.018103937593387798
820.1515869140625,42.11676507385192,42.09892951678163,0.01783555707029194
831.4015869140626,40.99748515364839,40.980033031320026,0.017452122328364794
845.5015869140625,40.13488745393491,40.118223863603625,0.01666359033128373
862.0015869140625,37.87655410766602,37.859651077751714,0.016903029914303147
874.7515869140624,36.66248109226213,36.64650833868613,0.015972753575994147
893.8015869140625,34.817566564488146,34.80226716562545,0.015299398862694602
901.4515869140624,34.062193698669624,34.04714090325947,0.01505279541015625
934.6015869140625,31.21290644093972,31.19900506828935,0.013901372650369836
961.0015869140625,29.014402467527805,29.001025064648836,0.013377402878969491
988.1515869140625,26.958317973770882,26.94602751953026,0.012290454240620363
1080.7015869140623,21.152647102427395,21.14300736243716,0.009639739990234375
1095.1015869140626,20.38161629536362,20.3723806736622,0.009235621701421337
1114.9015869140624,19.148703805133472,19.139916998240064,0.008786806893407828
1128.4015869140624,18.301878325273748,18.293380057394618,0.008498267879129884
1145.0515869140622,17.639818913496224,17.631837447548975,0.007981465947249688
1159.3015869140625,17.053192285391052,17.045616795466547,0.0075754899245055185
0.01436539580035856
