772.9015869140626,47.16718973914582,47.16719995089248,-1.0211746662491805e-05
788.3515869140625,45.582778435025055,45.58278224972232,-3.814697265625e-06
811.4515869140624,43.007210952277596,43.007210952277596,0.0
820.1515869140625,42.08811848140806,42.08801673198401,0.00010174942404717058
831.4015869140626,40.97419214460153,40.97419085342546,1.2911760691736163e-06
845.5015869140625,40.11875224069807,40.11874719427658,5.046421492238551e-06
862.0015869140625,37.870245053203035,37.87045258748083,-0.0002075342777914102
874.7515869140624,36.665647736402725,36.665640107008194,7.62939453125e-06
893.8015869140625,34.832240085233146,34.832227349499604,1.2735733541546779e-05
901.4515869140624,34.08122926884727,34.08121019536094,1.9073486328125e-05
934.6015869140625,31.2615815216201,31.261557987669406,2.353395069576436e-05
961.0015869140625,29.087802598241144,29.087768295846903,3.43023942406262e-05
988.1515869140625,27.049578529649683,27.049540690894634,3.783875504836942e-05
1080.7015869140623,21.25407373741192,21.25404195789406,3.177951786170752e-05
1095.1015869140626,20.477185219531087,20.477158516650228,2.6702880859375e-05
1114.9015869140624,19.234934018897807,19.23490922336558,2.47955322265625e-05
1128.4015869140624,18.38158561793449,18.381560822402264,2.47955322265625e-05
1145.0515869140622,17.709856800765284,17.709835203184717,2.1597580566634633e-05
1159.3015869140625,17.115427604088467,17.115406623253506,2.09808349609375e-05
5.67427868003566e-05
