772.9015869140626,47.19831660987646,47.19931095468672,-0.0009943448102660568
788.3515869140625,45.60747762670351,45.60827613031148,-0.0007985036079674046
811.4515869140624,43.02192031503331,43.02206482290616,-0.00014450787284658873
820.1515869140625,42.098529589353234,42.09892951678163,-0.0003999274283970067
831.4015869140626,40.979786308342895,40.980033031320026,-0.0002467229771312418
845.5015869140625,40.11814886114483,40.118223863603625,-7.500245879299428e-05
862.0015869140625,37.85999808248402,37.859651077751714,0.0003470047323048675
874.7515869140624,36.64692229231361,36.64650833868613,0.00041395362747920217
893.8015869140625,34.80298432871139,34.80226716562545,0.0007171630859375
901.4515869140624,34.047964262239574,34.04714090325947,0.0008233589801065477
934.6015869140625,31.20070396001209,31.19900506828935,0.001698891722739404
961.0015869140625,29.003714401384823,29.001025064648836,0.0026893367359868137
988.1515869140625,26.949196358130564,26.94602751953026,0.0031688386003025926
1080.7015869140623,21.146501596254424,21.14300736243716,0.003494233817264103
1095.1015869140626,20.375692656371868,20.3723806736622,0.0033119827096683707
1114.9015869140624,19.14291015761567,19.139916998240064,0.0029931593756060693
1128.4015869140624,18.29617100879365,18.293380057394618,0.002790951399031627
1145.0515869140622,17.634306424686415,17.631837447548975,0.002468977137439765
1159.3015869140625,17.04782835153438,17.045616795466547,0.002211556067834408
0.0019792623328130725
