772.9015869140626,46.545961911268435,46.54598479945203,-2.288818359375e-05
788.3515869140625,44.979074248491436,44.97909393791749,-1.9689426054014803e-05
811.4515869140624,42.42644300474399,42.42645124976779,-8.245023799702267e-06
820.1515869140625,41.51711454544766,41.51712598953946,-1.1444091796875e-05
831.4015869140626,40.418280953516906,40.418287291735375,-6.338218469181811e-06
845.5015869140625,39.59131644356651,39.59131644356651,0.0
862.0015869140625,37.35271446096085,37.35362350758798,-0.0009090466271359787
874.7515869140624,36.165153214754966,36.165138572090726,1.4642664240227532e-05
893.8015869140625,34.36479607008724,34.364774473545395,2.1596541841972794e-05
901.4515869140624,33.627798532231786,33.62777564404819,2.288818359375e-05
934.6015869140625,30.885291424371825,30.885250108469005,4.131590281986064e-05
961.0015869140625,28.75875869782022,28.758835612672513,-7.691485229344153e-05
988.1515869140625,26.76866649661829,26.768623918513157,4.2578105134083444e-05
1080.7015869140623,20.964114177115448,20.964077292082532,3.688503291598977e-05
1095.1015869140626,20.1944252965506,20.194392871623844,3.24249267578125e-05
1114.9015869140624,18.969025546850617,18.968997582077836,2.7964772780109115e-05
1128.4015869140624,18.128300340278415,18.128273637397555,2.6702880859375e-05
1145.0515869140622,17.476407116578763,17.47638201267373,2.5103905031187423e-05
1159.3015869140625,16.898233325664865,16.89821169926575,2.162639911418296e-05
0.00021065833837972736
