772.9015869140626,46.54584999387166,46.54598479945203,-0.00013480558036604862
788.3515869140625,44.97896682102827,44.97909393791749,-0.0001271168892174046
811.4515869140624,42.42633299415255,42.42645124976779,-0.000118255615234375
820.1515869140625,41.51690979919744,41.51712598953946,-0.00021619034201592058
831.4015869140626,40.41818306256407,40.418287291735375,-0.0001042291713062582
845.5015869140625,39.59122489083214,39.59131644356651,-9.1552734375e-05
862.0015869140625,37.353661501662295,37.35362350758798,3.799407431159807e-05
874.7515869140624,36.1650667089675,36.165138572090726,-7.186312322460253e-05
893.8015869140625,34.364719776141925,34.364774473545395,-5.4697403470527206e-05
901.4515869140624,33.627722238286474,33.62777564404819,-5.340576171875e-05
934.6015869140625,30.885236757028576,30.885250108469005,-1.33514404296875e-05
961.0015869140625,28.75871033847999,28.758835612672513,-0.0001252741925235057
988.1515869140625,26.768616905553838,26.768623918513157,-7.012959319041556e-06
1080.7015869140623,20.96406077135373,20.964077292082532,-1.6520728802760232e-05
1095.1015869140626,20.19437696706768,20.194392871623844,-1.590455616451436e-05
1114.9015869140624,18.968981032375353,18.968997582077836,-1.6549702483104056e-05
1128.4015869140624,18.128255209367936,18.128273637397555,-1.842802961959933e-05
1145.0515869140622,17.47637087695474,17.47638201267373,-1.1135718992250077e-05
1159.3015869140625,16.898197702261168,16.89821169926575,-1.399700458293296e-05
8.70969592544038e-05
