772.9015869140626,47.19902156717296,47.19917157271145,-0.00015000553848665277
788.3515869140625,45.61241875183788,45.61256051157643,-0.0001417597385540148
811.4515869140624,43.033300942220144,43.033430641927175,-0.00012969970703125
820.1515869140625,42.1130806762447,42.11320336234169,-0.00012268609699361832
831.4015869140626,40.99760646226325,40.99772219435729,-0.00011573209403792362
845.5015869140625,40.13940963977957,40.13951392809226,-0.00010428831269138072
862.0015869140625,37.8885300691591,37.88866811540823,-0.00013804624912694408
874.7515869140624,36.68126610336119,36.681357039970734,-9.09366095456221e-05
893.8015869140625,34.843126809633404,34.84319928888145,-7.2479248046875e-05
901.4515869140624,34.09002535613362,34.09009143724568,-6.608111205963496e-05
934.6015869140625,31.256192363152373,31.25620380724417,-1.1444091796875e-05
961.0015869140625,29.071512921198458,29.071488771409495,2.4149788963256924e-05
988.1515869140625,27.02281272025299,27.022755808011613,5.691224137649442e-05
1080.7015869140623,21.239158974268324,21.23912716587241,3.180839591365725e-05
1095.1015869140626,20.464329210503248,20.46430441497102,2.47955322265625e-05
1114.9015869140624,19.223141781967527,19.223120801132566,2.09808349609375e-05
1128.4015869140624,18.370212003988758,18.370189115805164,2.288818359375e-05
1145.0515869140622,17.699405489674007,17.69938481721185,2.0672462156312577e-05
1159.3015869140625,17.105579640315177,17.10556118304918,1.8457265998250705e-05
8.675415864529105e-05
