772.9015869140626,47.16632386169746,47.16719995089248,-0.0008760891950245764
788.3515869140625,45.58207333197064,45.58278224972232,-0.0007089177516803602
811.4515869140624,43.00676463269752,43.007210952277596,-0.000446319580078125
820.1515869140625,42.087516046720026,42.08801673198401,-0.0005006852639866111
831.4015869140626,40.97397341568132,40.97419085342546,-0.000217437744140625
845.5015869140625,40.11867723823928,40.11874719427658,-6.995603730075572e-05
862.0015869140625,37.87087846214628,37.87045258748083,0.00042587466545285224
874.7515869140624,36.66599105915663,36.665640107008194,0.0003509521484375
893.8015869140625,34.83282754861205,34.832227349499604,0.0006001991124477968
901.4515869140624,34.081893026171485,34.08121019536094,0.000682830810546875
934.6015869140625,31.26303245802057,31.261557987669406,0.0014744703511659907
961.0015869140625,29.090298696694514,29.087768295846903,0.002530400847611247
988.1515869140625,27.0524046038883,27.049540690894634,0.002863912993664286
1080.7015869140623,21.257273651886937,21.25404195789406,0.0032316939928769273
1095.1015869140626,20.480220576783665,20.477158516650228,0.003062060133437683
1114.9015869140624,19.237697563916278,19.23490922336558,0.0027883405506976544
1128.4015869140624,18.38415150219485,18.381560822402264,0.0025906797925863145
1145.0515869140622,17.71212839587514,17.709835203184717,0.0022931926904234956
1159.3015869140625,17.117456084031375,17.115406623253506,0.002049460777868717
0.0018273899181226944
