772.9015869140626,47.199162652140856,47.19917157271145,-8.920570593318189e-06
788.3515869140625,45.61255608093944,45.61256051157643,-4.4306369915148025e-06
811.4515869140624,43.03378832191321,43.033430641927175,0.00035767998603120077
820.1515869140625,42.11319954764443,42.11320336234169,-3.814697265625e-06
831.4015869140626,40.99771837966002,40.99772219435729,-3.814697265625e-06
845.5015869140625,40.13951774278953,40.13951392809226,3.814697265625e-06
862.0015869140625,37.8890440738092,37.88866811540823,0.00037595840097282007
874.7515869140624,36.681365285490095,36.681357039970734,8.245519360627895e-06
893.8015869140625,34.84321454767051,34.84319928888145,1.52587890625e-05
901.4515869140624,34.090106696034745,34.09009143724568,1.52587890625e-05
934.6015869140625,31.25623051012503,31.25620380724417,2.6702880859375e-05
961.0015869140625,29.071521812198363,29.071488771409495,3.304078886756656e-05
988.1515869140625,27.022784726458713,27.022755808011613,2.891844710006808e-05
1080.7015869140623,21.23915706691969,21.23912716587241,2.990104728084475e-05
1095.1015869140626,20.464332379433415,20.46430441497102,2.7964462393725853e-05
1114.9015869140624,19.22314368931616,19.223120801132566,2.288818359375e-05
1128.4015869140624,18.370212649445467,18.370189115805164,2.353364030227567e-05
1145.0515869140622,17.69940739702264,17.69938481721185,2.2579810789125077e-05
1159.3015869140625,17.10558090209966,17.10556118304918,1.971905048137046e-05
0.00012057967279601345
