772.9015869140626,46.54465857597966,46.54598479945203,-0.0013262234723683264
788.3515869140625,44.97797130410086,44.97909393791749,-0.001122633816628138
811.4515869140624,42.42565274678073,42.42645124976779,-0.000798502987059635
820.1515869140625,41.516351006043166,41.51712598953946,-0.0007749834962922364
831.4015869140626,40.41777488995665,40.418287291735375,-0.0005124017787281332
845.5015869140625,39.59100751285029,39.59131644356651,-0.0003089307162227328
862.0015869140625,37.353214641117006,37.35362350758798,-0.00040886647097693185
874.7515869140624,36.16536942024946,36.165138572090726,0.0002308481587363076
893.8015869140625,34.36534046083841,34.364774473545395,0.0005659872930152687
901.4515869140624,33.628451461093476,33.62777564404819,0.0006758170452840773
934.6015869140625,30.886911498986187,30.885250108469005,0.0016613905171816157
961.0015869140625,28.761540898568512,28.758835612672513,0.0027052858959990544
988.1515869140625,26.771886217196464,26.768623918513157,0.0032622986833068524
1080.7015869140623,20.967625605948456,20.964077292082532,0.0035483138659238023
1095.1015869140626,20.19775438549263,20.194392871623844,0.0033615138687856927
1114.9015869140624,18.972052922415628,18.968997582077836,0.0030553403377915345
1128.4015869140624,18.131119256450226,18.128273637397555,0.002845619052671111
1145.0515869140622,17.478906302921526,17.47638201267373,0.0025242902477948803
1159.3015869140625,16.900479214008087,16.89821169926575,0.0022675147423356634
0.0020412962212831794
