772.9015869140626,46.56536698210399,46.54598479945203,0.019382182651959567
788.3515869140625,44.997992186289224,44.97909393791749,0.018898248371733928
811.4515869140624,42.44472364967013,42.42645124976779,0.01827239990234375
820.1515869140625,41.53538665787007,41.51712598953946,0.018260668330611907
831.4015869140626,40.43589464313743,40.418287291735375,0.017607351402055826
845.5015869140625,39.60813520476146,39.59131644356651,0.01681876119494774
862.0015869140625,37.36957235869895,37.35362350758798,0.015948851110969997
874.7515869140624,36.18125308559037,36.165138572090726,0.016114513499644545
893.8015869140625,34.38021501620692,34.364774473545395,0.015440542661522727
901.4515869140624,33.64295235665866,33.62777564404819,0.015176712610468712
934.6015869140625,30.899288810220938,30.885250108469005,0.014038701751932336
961.0015869140625,28.772346529955783,28.758835612672513,0.013510917283269919
988.1515869140625,26.781030046542167,26.768623918513157,0.012406128029009977
1080.7015869140623,20.973799048063977,20.964077292082532,0.009721755981445312
1095.1015869140626,20.20370795620074,20.194392871623844,0.009315084576897448
1114.9015869140624,18.977857484654503,18.968997582077836,0.008859902576666912
1128.4015869140624,18.136841831719387,18.128273637397555,0.008568194321831868
1145.0515869140622,17.484433433774793,17.47638201267373,0.008051421101061607
1159.3015869140625,16.9058539463924,16.89821169926575,0.007642247126650403
0.014447341496161847
