772.9015869140626,47.19916728736669,47.19931095468672,-0.0001436673200316818
788.3515869140625,45.608145198725,45.60827613031148,-0.0001309315864830296
811.4515869140624,43.0219479194711,43.02206482290616,-0.00011690343505676992
820.1515869140625,42.0988112611664,42.09892951678163,-0.000118255615234375
831.4015869140626,40.97992492862053,40.980033031320026,-0.00010810269949956819
845.5015869140625,40.11811705208019,40.118223863603625,-0.0001068115234375
862.0015869140625,37.85975128903394,37.859651077751714,0.00010021128222348352
874.7515869140624,36.64642318309664,36.64650833868613,-8.515558949540036e-05
893.8015869140625,34.80219850107467,34.80226716562545,-6.866455078125e-05
901.4515869140624,34.04707925247395,34.04714090325947,-6.165078551845227e-05
934.6015869140625,31.19898728633722,31.19900506828935,-1.7781952127648992e-05
961.0015869140625,29.00141413388878,29.001025064648836,0.0003890692399437512
988.1515869140625,26.946091752948565,26.94602751953026,6.423341830341656e-05
1080.7015869140623,21.143043602061184,21.14300736243716,3.62396240234375e-05
1095.1015869140626,20.372410545473222,20.3723806736622,2.987181102298564e-05
1114.9015869140624,19.13994308468571,19.139916998240064,2.6086445647166556e-05
1128.4015869140624,18.29340168368629,18.293380057394618,2.1626291673015885e-05
1145.0515869140622,17.6318622430812,17.631837447548975,2.47955322265625e-05
1159.3015869140625,17.045637130737354,17.045616795466547,2.033527080769204e-05
0.00012020545415818936
