772.9015869140626,47.186400260420825,47.16719995089248,0.01920030952834395
788.3515869140625,45.60150625389929,45.58278224972232,0.018724004176966957
811.4515869140624,43.02495265863678,43.007210952277596,0.01774170635918182
820.1515869140625,42.10580812006007,42.08801673198401,0.017791388076055625
831.4015869140626,40.99165318750049,40.97419085342546,0.017462334075027286
845.5015869140625,40.13542093721314,40.11874719427658,0.016673742936561098
862.0015869140625,37.88768227345339,37.87045258748083,0.017229685972566244
874.7515869140624,36.68161729140628,36.665640107008194,0.01597718439808915
893.8015869140625,34.847536961040326,34.832227349499604,0.015309611540722301
901.4515869140624,34.096268036726904,34.08121019536094,0.015057841365965885
934.6015869140625,31.275468281248507,31.261557987669406,0.013910293579101562
961.0015869140625,29.101039527900827,29.087768295846903,0.013271232053924109
988.1515869140625,27.061847328577134,27.049540690894634,0.0123066376824994
1080.7015869140623,21.263691205749407,21.25404195789406,0.009649247855346488
1095.1015869140626,20.486399860397547,20.477158516650228,0.009241343747319775
1114.9015869140624,19.24370172328339,19.23490922336558,0.008792499917809948
1128.4015869140624,18.390065428762508,18.381560822402264,0.008504606360244082
1145.0515869140622,17.717821774432263,17.709835203184717,0.007986571247545982
1159.3015869140625,17.12298402052664,17.115406623253506,0.007577397273134778
0.014358507895370267
