-0.050441595731856914 -37.01990413293629 [5, 10]
-0.044145768535152785 -19.842696913335885 [5, 20]
-0.04158917531571374 -23.337625729296747 [5, 30]
-0.04025393416684439 -29.616174659882176 [5, 40]
-0.03919602101248079 -35.88221243322289 [5, 50]
-0.04213544683524231 11.723512955750948 [8, 10]
-0.035626190141190395 27.24567886888576 [8, 20]
-0.032927734390247904 23.688731121267892 [8, 30]
-0.031513752939319434 17.722292183335526 [8, 40]
-0.030498122657685672 11.773889078195907 [8, 50]
-0.0362111232201415 37.99275002032107 [11, 10]
-0.029459902546818822 52.34008485152913 [11, 20]
-0.026623030737389364 48.663952337201295 [11, 30]
-0.02511667342849823 42.83840784504605 [11, 40]
-0.024076393977154484 37.123502374436384 [11, 50]
-0.0322463982489532 52.45085628851825 [14, 10]
-0.02528887422748649 66.01357586755944 [14, 20]
-0.022321481739828175 62.24978674798808 [14, 30]
-0.020765013895447867 56.547817485775454 [14, 40]
-0.01969285514819881 51.065766039486675 [14, 50]
-0.02940574833288709 59.70084988176427 [17, 10]
-0.022309597898207592 72.78128116428445 [17, 20]
-0.019280726696401115 68.99240936860042 [17, 30]
-0.017641308309650244 63.47855934127756 [17, 40]
-0.01654390012424785 58.28143338411621 [17, 50]
-0.02754214462507014 64.42492100223478 [20, 10]
-0.020333071700747593 77.14173269196942 [20, 20]
-0.017236002933994743 73.35300087108806 [20, 30]
-0.015566933223289697 68.03187467678958 [20, 40]
-0.014446889180623063 63.0993047237356 [20, 50]
