1.0 1.0 2.4791701125930214 [5, 10]
1.0 1.0 1.24944401857014 [5, 20]
1.0 1.0 1.6684258628786388 [5, 30]
1.0 1.0 2.090947040085594 [5, 40]
1.0 1.0 2.409893437362395 [5, 50]
1.0 1.0 2.4791701125930214 [8, 10]
1.0 1.0 1.24944401857014 [8, 20]
1.0 1.0 1.6684258628786388 [8, 30]
1.0 1.0 2.090947040085594 [8, 40]
1.0 1.0 2.409893437362395 [8, 50]
1.0 1.0 2.4791701125930214 [11, 10]
1.0 1.0 1.24944401857014 [11, 20]
1.0 1.0 1.6684258628786388 [11, 30]
1.0 1.0 2.090947040085594 [11, 40]
1.0 1.0 2.409893437362395 [11, 50]
1.0 1.0 2.4791701125930214 [14, 10]
1.0 1.0 1.24944401857014 [14, 20]
1.0 1.0 1.6684258628786388 [14, 30]
1.0 1.0 2.090947040085594 [14, 40]
1.0 1.0 2.409893437362395 [14, 50]
1.0 1.0 2.4791701125930214 [17, 10]
1.0 1.0 1.24944401857014 [17, 20]
1.0 1.0 1.6684258628786388 [17, 30]
1.0 1.0 2.090947040085594 [17, 40]
1.0 1.0 2.409893437362395 [17, 50]
1.0 1.0 2.4791701125930214 [20, 10]
1.0 1.0 1.24944401857014 [20, 20]
1.0 1.0 1.6684258628786388 [20, 30]
1.0 1.0 2.090947040085594 [20, 40]
1.0 1.0 2.409893437362395 [20, 50]
