0.0 1.0 6.631732744128775 [5, 10]
0.0 1.0 6.631732744128775 [5, 10]
0.0 1.0 6.631732744128775 [5, 20]
0.0 1.0 6.631732744128775 [5, 20]
0.0 1.0 6.631732744128775 [5, 30]
0.0 1.0 6.631732744128775 [5, 30]
0.0 1.0 6.631732744128775 [5, 40]
0.0 1.0 6.631732744128775 [5, 40]
0.0 1.0 6.631732744128775 [5, 50]
0.0 1.0 6.631732744128775 [5, 50]
0.0 1.0 4.253369969040051 [8, 10]
0.0 1.0 4.253369969040051 [8, 10]
0.0 1.0 4.253369969040051 [8, 20]
0.0 1.0 4.253369969040051 [8, 20]
0.0 1.0 4.253369969040051 [8, 30]
0.0 1.0 4.253369969040051 [8, 30]
0.0 1.0 4.253369969040051 [8, 40]
0.0 1.0 4.253369969040051 [8, 40]
0.0 1.0 4.253369969040051 [8, 50]
0.0 1.0 4.253369969040051 [8, 50]
0.0 1.0 2.9642262768450416 [11, 10]
0.0 1.0 2.9642262768450416 [11, 10]
0.0 1.0 2.9642262768450416 [11, 20]
0.0 1.0 2.9642262768450416 [11, 20]
0.0 1.0 2.9642262768450416 [11, 30]
0.0 1.0 2.9642262768450416 [11, 30]
0.0 1.0 2.9642262768450416 [11, 40]
0.0 1.0 2.9642262768450416 [11, 40]
0.0 1.0 2.9642262768450416 [11, 50]
0.0 1.0 2.9642262768450416 [11, 50]
0.0 1.0 2.2663091996310705 [14, 10]
0.0 1.0 2.2663091996310705 [14, 10]
0.0 1.0 2.2663091996310705 [14, 20]
0.0 1.0 2.2663091996310705 [14, 20]
0.0 1.0 2.2663091996310705 [14, 30]
0.0 1.0 2.2663091996310705 [14, 30]
0.0 1.0 2.2663091996310705 [14, 40]
0.0 1.0 2.2663091996310705 [14, 40]
0.0 1.0 2.2663091996310705 [14, 50]
0.0 1.0 2.2663091996310705 [14, 50]
0.0 1.0 1.9541790807426274 [17, 10]
0.0 1.0 1.9541790807426274 [17, 10]
0.0 1.0 1.9541790807426274 [17, 20]
0.0 1.0 1.9541790807426274 [17, 20]
0.0 1.0 1.9541790807426274 [17, 30]
0.0 1.0 1.9541790807426274 [17, 30]
0.0 1.0 1.9541790807426274 [17, 40]
0.0 1.0 1.9541790807426274 [17, 40]
0.0 1.0 1.9541790807426274 [17, 50]
0.0 1.0 1.9541790807426274 [17, 50]
0.0 1.0 1.7963305688241344 [20, 10]
0.0 1.0 1.7963305688241344 [20, 10]
0.0 1.0 1.7963305688241344 [20, 20]
0.0 1.0 1.7963305688241344 [20, 20]
0.0 1.0 1.7963305688241344 [20, 30]
0.0 1.0 1.7963305688241344 [20, 30]
0.0 1.0 1.7963305688241344 [20, 40]
0.0 1.0 1.7963305688241344 [20, 40]
0.0 1.0 1.7963305688241344 [20, 50]
0.0 1.0 1.7963305688241344 [20, 50]
