Rundeck created on Mi 29. Apr 15:28: 0 CET 2020 by rundecker.py - rewrite from rundecker.pro (v1.37)
         1         2         3         4         5         6         7         8         9
123456789 123456789 123456789 123456789 123456789 123456789 123456789 123456789 123456789 
$ None
 HI=1 F4=1 CN=1 AE=0 EM=0 SC=0 FI=0 PL=0 TS=0 AM=1 MG=1 LA=0 MS=0 XS=1   00   00
   300.000  2100.000     4.000                              0.0002    0.001                             7
1m11111
  1.0000000E+00  4.0000000E-04  1.0000000E+00  1.0000000E+00  1.0000000E+00  1.0000000E+00  1.0000000E+00
    0    2   69    1    1    7    1
     0.018    30.000     0.000
     0.018     0.060     0.130     0.150     0.200     0.250     0.300     0.350
     0.360     0.370     0.380     0.390     0.400     0.450     0.500     0.520
     0.570     0.620     0.720     0.780     0.810     0.860     0.920     1.100
     1.250     1.400     1.600     1.800     2.000     2.200     2.400     2.600
     2.800     3.000     3.200     3.600     3.800     4.000     4.200     4.400
     4.700     5.000     5.300     5.600     5.900     6.200     6.500     6.800
     7.100     7.400     7.700     8.000     8.400     8.800     9.200     9.600
    10.000    10.500    11.000    11.500    12.000    12.500    13.000    14.000
    15.000    18.000    20.000    25.000    30.000
   69 User supplied profile
    0.0180 1014.3869 2.733E+02     AA   CA44444
 3.615E+00 8.000E+02 2.202E-02 0.000E+00 0.000E+00 0.000E+00 0.000E+00
    0.0600 1009.0680 2.728E+02     AA   CA44444
 3.583E+00 8.000E+02 3.047E-02 0.000E+00 0.000E+00 0.000E+00 0.000E+00
    0.1297 1004.0212 2.724E+02     AA   CA44444
 3.574E+00 8.000E+02 4.304E-02 0.000E+00 0.000E+00 0.000E+00 0.000E+00
    0.1500  997.7383 2.720E+02     AA   CA44444
 3.538E+00 8.000E+02 6.020E-02 0.000E+00 0.000E+00 0.000E+00 0.000E+00
    0.2000  991.4853 2.717E+02     AA   CA44444
 3.468E+00 8.000E+02 7.013E-02 0.000E+00 0.000E+00 0.000E+00 0.000E+00
    0.2500  985.2696 2.715E+02     AA   CA44444
 3.399E+00 8.000E+02 7.352E-02 0.000E+00 0.000E+00 0.000E+00 0.000E+00
    0.3000  979.0851 2.712E+02     AA   CA44444
 3.331E+00 8.000E+02 7.671E-02 0.000E+00 0.000E+00 0.000E+00 0.000E+00
    0.3500  972.9317 2.708E+02     AA   CA44444
 3.269E+00 8.000E+02 7.787E-02 0.000E+00 0.000E+00 0.000E+00 0.000E+00
    0.3600  971.7035 2.708E+02     AA   CA44444
 3.258E+00 8.000E+02 7.789E-02 0.000E+00 0.000E+00 0.000E+00 0.000E+00
    0.3700  970.4758 2.707E+02     AA   CA44444
 3.247E+00 8.000E+02 7.791E-02 0.000E+00 0.000E+00 0.000E+00 0.000E+00
    0.3800  969.2565 2.709E+02     AA   CA44444
 3.249E+00 8.000E+02 7.782E-02 0.000E+00 0.000E+00 0.000E+00 0.000E+00
    0.3900  968.0372 2.710E+02     AA   CA44444
 3.250E+00 8.000E+02 7.774E-02 0.000E+00 0.000E+00 0.000E+00 0.000E+00
    0.4000  966.8179 2.712E+02     AA   CA44444
 3.252E+00 8.000E+02 7.766E-02 0.000E+00 0.000E+00 0.000E+00 0.000E+00
    0.4500  960.7701 2.730E+02     AA   CA44444
 3.313E+00 8.000E+02 7.749E-02 0.000E+00 0.000E+00 0.000E+00 0.000E+00
    0.5000  954.8075 2.757E+02     AA   CA44444
 3.330E+00 8.000E+02 7.771E-02 0.000E+00 0.000E+00 0.000E+00 0.000E+00
    0.5200  952.4504 2.768E+02     AA   CA44444
 3.285E+00 8.000E+02 7.791E-02 0.000E+00 0.000E+00 0.000E+00 0.000E+00
    0.5700  946.6112 2.788E+02     AA   CA44444
 3.149E+00 8.000E+02 7.852E-02 0.000E+00 0.000E+00 0.000E+00 0.000E+00
    0.6200  940.8292 2.799E+02     AA   CA44444
 2.990E+00 8.000E+02 7.923E-02 0.000E+00 0.000E+00 0.000E+00 0.000E+00
    0.7200  929.4241 2.802E+02     AA   CA44444
 2.655E+00 8.000E+02 8.107E-02 0.000E+00 0.000E+00 0.000E+00 0.000E+00
    0.7800  922.6377 2.801E+02     AA   CA44444
 2.464E+00 8.000E+02 8.242E-02 0.000E+00 0.000E+00 0.000E+00 0.000E+00
    0.8100  919.2752 2.801E+02     AA   CA44444
 2.387E+00 8.000E+02 8.323E-02 0.000E+00 0.000E+00 0.000E+00 0.000E+00
    0.8600  913.6709 2.801E+02     AA   CA44444
 2.259E+00 8.000E+02 8.457E-02 0.000E+00 0.000E+00 0.000E+00 0.000E+00
    0.9200  907.0157 2.800E+02     AA   CA44444
 2.149E+00 8.000E+02 8.608E-02 0.000E+00 0.000E+00 0.000E+00 0.000E+00
    1.1000  887.2881 2.797E+02     AA   CA44444
 1.970E+00 8.000E+02 8.879E-02 0.000E+00 0.000E+00 0.000E+00 0.000E+00
    1.2500  871.1656 2.795E+02     AA   CA44444
 1.997E+00 8.000E+02 8.811E-02 0.000E+00 0.000E+00 0.000E+00 0.000E+00
    1.4000  855.3126 2.791E+02     AA   CA44444
 2.256E+00 8.000E+02 8.521E-02 0.000E+00 0.000E+00 0.000E+00 0.000E+00
    1.6000  834.5859 2.781E+02     AA   CA44444
 2.996E+00 8.000E+02 8.130E-02 0.000E+00 0.000E+00 0.000E+00 0.000E+00
    1.8000  814.3020 2.768E+02     AA   CA44444
 3.430E+00 8.000E+02 8.046E-02 0.000E+00 0.000E+00 0.000E+00 0.000E+00
    2.0000  794.3984 2.753E+02     AA   CA44444
 3.284E+00 8.000E+02 8.076E-02 0.000E+00 0.000E+00 0.000E+00 0.000E+00
    2.2000  774.8754 2.740E+02     AA   CA44444
 2.905E+00 8.000E+02 8.122E-02 0.000E+00 0.000E+00 0.000E+00 0.000E+00
    2.4000  755.7495 2.729E+02     AA   CA44444
 2.604E+00 8.000E+02 8.127E-02 0.000E+00 0.000E+00 0.000E+00 0.000E+00
    2.6000  737.0352 2.720E+02     AA   CA44444
 2.372E+00 8.000E+02 8.136E-02 0.000E+00 0.000E+00 0.000E+00 0.000E+00
    2.8000  718.7278 2.710E+02     AA   CA44444
 2.180E+00 8.000E+02 8.169E-02 0.000E+00 0.000E+00 0.000E+00 0.000E+00
    3.0000  700.8095 2.699E+02     AA   CA44444
 2.005E+00 8.000E+02 8.223E-02 0.000E+00 0.000E+00 0.000E+00 0.000E+00
    3.2000  683.2600 2.687E+02     AA   CA44444
 1.839E+00 8.000E+02 8.363E-02 0.000E+00 0.000E+00 0.000E+00 0.000E+00
    3.6000  649.1954 2.661E+02     AA   CA44444
 1.401E+00 8.000E+02 9.004E-02 0.000E+00 0.000E+00 0.000E+00 0.000E+00
    3.8000  632.6491 2.648E+02     AA   CA44444
 1.115E+00 8.000E+02 9.450E-02 0.000E+00 0.000E+00 0.000E+00 0.000E+00
    4.0000  616.5417 2.638E+02     AA   CA44444
 8.526E-01 8.000E+02 9.871E-02 0.000E+00 0.000E+00 0.000E+00 0.000E+00
    4.2000  600.7675 2.628E+02     AA   CA44444
 6.455E-01 8.000E+02 1.025E-01 0.000E+00 0.000E+00 0.000E+00 0.000E+00
    4.4000  585.2985 2.619E+02     AA   CA44444
 4.961E-01 8.000E+02 1.058E-01 0.000E+00 0.000E+00 0.000E+00 0.000E+00
    4.7000  562.7613 2.602E+02     AA   CA44444
 3.888E-01 8.000E+02 1.094E-01 0.000E+00 0.000E+00 0.000E+00 0.000E+00
    5.0000  540.9468 2.584E+02     AA   CA44444
 3.431E-01 8.000E+02 1.118E-01 0.000E+00 0.000E+00 0.000E+00 0.000E+00
    5.3000  519.8255 2.564E+02     AA   CA44444
 3.206E-01 8.000E+02 1.129E-01 0.000E+00 0.000E+00 0.000E+00 0.000E+00
    5.6000  499.3690 2.543E+02     AA   CA44444
 3.112E-01 8.000E+02 1.124E-01 0.000E+00 0.000E+00 0.000E+00 0.000E+00
    5.9000  479.5518 2.521E+02     AA   CA44444
 2.790E-01 8.000E+02 1.102E-01 0.000E+00 0.000E+00 0.000E+00 0.000E+00
    6.2000  460.3538 2.498E+02     AA   CA44444
 2.266E-01 8.000E+02 1.066E-01 0.000E+00 0.000E+00 0.000E+00 0.000E+00
    6.5000  441.7627 2.476E+02     AA   CA44444
 2.033E-01 8.000E+02 1.046E-01 0.000E+00 0.000E+00 0.000E+00 0.000E+00
    6.8000  423.7697 2.454E+02     AA   CA44444
 2.065E-01 8.000E+02 1.019E-01 0.000E+00 0.000E+00 0.000E+00 0.000E+00
    7.1000  406.3609 2.433E+02     AA   CA44444
 2.108E-01 8.000E+02 9.608E-02 0.000E+00 0.000E+00 0.000E+00 0.000E+00
    7.4000  389.5174 2.410E+02     AA   CA44444
 2.035E-01 8.000E+02 9.214E-02 0.000E+00 0.000E+00 0.000E+00 0.000E+00
    7.7000  373.2243 2.387E+02     AA   CA44444
 1.787E-01 8.000E+02 9.403E-02 0.000E+00 0.000E+00 0.000E+00 0.000E+00
    8.0000  357.4701 2.365E+02     AA   CA44444
 1.434E-01 8.000E+02 1.023E-01 0.000E+00 0.000E+00 0.000E+00 0.000E+00
    8.4000  337.2348 2.334E+02     AA   CA44444
 1.129E-01 8.000E+02 1.153E-01 0.000E+00 0.000E+00 0.000E+00 0.000E+00
    8.8000  317.9694 2.299E+02     AA   CA44444
 1.011E-01 8.000E+02 1.224E-01 0.000E+00 0.000E+00 0.000E+00 0.000E+00
    9.2000  299.4733 2.263E+02     AA   CA44444
 8.877E-02 8.000E+02 1.241E-01 0.000E+00 0.000E+00 0.000E+00 0.000E+00
    9.6000  281.8070 2.230E+02     AA   CA44444
 7.090E-02 8.000E+02 1.127E-01 0.000E+00 0.000E+00 0.000E+00 0.000E+00
   10.0000  264.9676 2.198E+02     AA   CA44444
 5.173E-02 8.000E+02 1.056E-01 0.000E+00 0.000E+00 0.000E+00 0.000E+00
   10.5000  244.9996 2.161E+02     AA   CA44444
 3.702E-02 8.000E+02 1.194E-01 0.000E+00 0.000E+00 0.000E+00 0.000E+00
   11.0000  226.2671 2.139E+02     AA   CA44444
 2.376E-02 8.000E+02 2.347E-01 0.000E+00 0.000E+00 0.000E+00 0.000E+00
   11.5000  208.9793 2.155E+02     AA   CA44444
 1.631E-02 8.000E+02 5.685E-01 0.000E+00 0.000E+00 0.000E+00 0.000E+00
   12.0000  193.2524 2.199E+02     AA   CA44444
 9.740E-03 8.000E+02 8.638E-01 0.000E+00 0.000E+00 0.000E+00 0.000E+00
   12.5000  178.8924 2.230E+02     AA   CA44444
 3.802E-03 8.000E+02 1.077E+00 0.000E+00 0.000E+00 0.000E+00 0.000E+00
   13.0000  165.7833 2.240E+02     AA   CA44444
 3.027E-03 8.000E+02 1.162E+00 0.000E+00 0.000E+00 0.000E+00 0.000E+00
   14.0000  142.3974 2.247E+02     AA   CA44444
 3.023E-03 8.000E+02 1.371E+00 0.000E+00 0.000E+00 0.000E+00 0.000E+00
   15.0000  122.3807 2.254E+02     AA   CA44444
 2.653E-03 8.000E+02 1.685E+00 0.000E+00 0.000E+00 0.000E+00 0.000E+00
   18.0000   78.7396 2.266E+02     AA   CA44444
 2.653E-03 8.000E+02 1.849E+00 0.000E+00 0.000E+00 0.000E+00 0.000E+00
   20.0000   58.3134 2.273E+02     AA   CA44444
 2.837E-03 8.000E+02 2.236E+00 0.000E+00 0.000E+00 0.000E+00 0.000E+00
   25.0000   27.3677 2.277E+02     AA   CA44444
 3.023E-03 8.000E+02 2.734E+00 0.000E+00 0.000E+00 0.000E+00 0.000E+00
   30.0000   13.1189 2.361E+02     AA   CA44444
 3.393E-03 8.000E+02 4.178E+00 0.000E+00 0.000E+00 0.000E+00 0.000E+00
    3    0    0  The following cross-sections were selected:
CCL4      F11       F12
    2    0 XS 1995 UNEP values
     0.018     AAA
 1.105E-04 2.783E-04 5.027E-04
    30.000     AAA
 1.105E-04 2.783E-04 5.027E-04
-1.
%%%
