Rundeck created on Fr 10. Apr 11:16:40 CET 2020 by rundecker.py - rewrite from rundecker.pro (v1.37)
         1         2         3         4         5         6         7         8         9
123456789 123456789 123456789 123456789 123456789 123456789 123456789 123456789 123456789 
$ None
 HI=1 F4=1 CN=1 AE=0 EM=0 SC=0 FI=0 PL=0 TS=0 AM=1 MG=1 LA=0 MS=0 XS=1   00   00
   300.000  2100.000     4.000                              0.0002    0.001                             7
1m11111
  1.0000000E+00  1.0000000E-06  1.0000000E+00  1.0000000E+00  1.0000000E+00  1.0000000E+00  1.0000000E+00
    0    2   41    1    1    7    1
     0.000    60.000     0.000
     0.000     0.100     0.200     0.300     0.400     0.500     0.600     0.700
     0.800     0.900     1.000     1.200     1.400     1.600     1.800     2.000
     2.400     2.800     3.200     4.000     5.000     6.000     7.000     8.000
     9.000    10.000    11.000    12.000    14.000    17.000    20.000    25.000
    28.000    33.000    36.400    39.600    43.000    46.000    50.000    56.000
    60.000
   41 User supplied profile
    0.0000 1016.2000 2.659E+02     AA   CA44444
 1.981E+00 8.000E+02 2.865E-02 0.000E+00 0.000E+00 0.000E+00 0.000E+00
    0.1000 1003.2470 2.662E+02     AA   CA44444
 2.119E+00 8.000E+02 2.865E-02 0.000E+00 0.000E+00 0.000E+00 0.000E+00
    0.2000  990.4630 2.658E+02     AA   CA44444
 2.103E+00 8.000E+02 2.865E-02 0.000E+00 0.000E+00 0.000E+00 0.000E+00
    0.3000  977.8230 2.651E+02     AA   CA44444
 2.079E+00 8.000E+02 2.865E-02 0.000E+00 0.000E+00 0.000E+00 0.000E+00
    0.4000  965.3090 2.647E+02     AA   CA44444
 2.069E+00 8.000E+02 2.865E-02 0.000E+00 0.000E+00 0.000E+00 0.000E+00
    0.5000  952.9600 2.655E+02     AA   CA44444
 2.234E+00 8.000E+02 2.865E-02 0.000E+00 0.000E+00 0.000E+00 0.000E+00
    0.6000  940.7890 2.655E+02     AA   CA44444
 2.147E+00 8.000E+02 2.865E-02 0.000E+00 0.000E+00 0.000E+00 0.000E+00
    0.7000  928.7550 2.648E+02     AA   CA44444
 2.024E+00 8.000E+02 2.865E-02 0.000E+00 0.000E+00 0.000E+00 0.000E+00
    0.8000  916.8560 2.640E+02     AA   CA44444
 1.970E+00 8.000E+02 2.865E-02 0.000E+00 0.000E+00 0.000E+00 0.000E+00
    0.9000  905.0590 2.632E+02     AA   CA44444
 1.863E+00 8.000E+02 2.865E-02 0.000E+00 0.000E+00 0.000E+00 0.000E+00
    1.0000  893.3850 2.625E+02     AA   CA44444
 1.897E+00 8.000E+02 2.865E-02 0.000E+00 0.000E+00 0.000E+00 0.000E+00
    1.2000  870.3980 2.612E+02     AA   CA44444
 1.755E+00 8.000E+02 2.865E-02 0.000E+00 0.000E+00 0.000E+00 0.000E+00
    1.4000  847.8860 2.599E+02     AA   CA44444
 1.622E+00 8.000E+02 2.865E-02 0.000E+00 0.000E+00 0.000E+00 0.000E+00
    1.6000  825.8630 2.584E+02     AA   CA44444
 1.473E+00 8.000E+02 2.865E-02 0.000E+00 0.000E+00 0.000E+00 0.000E+00
    1.8000  804.4060 2.600E+02     AA   CA44444
 1.551E+00 8.000E+02 2.865E-02 0.000E+00 0.000E+00 0.000E+00 0.000E+00
    2.0000  783.5550 2.599E+02     AA   CA44444
 8.301E-01 8.000E+02 2.865E-02 0.000E+00 0.000E+00 0.000E+00 0.000E+00
    2.4000  743.3420 2.586E+02     AA   CA44444
 7.001E-01 8.000E+02 2.865E-02 0.000E+00 0.000E+00 0.000E+00 0.000E+00
    2.8000  705.0280 2.571E+02     AA   CA44444
 8.625E-01 8.000E+02 2.865E-02 0.000E+00 0.000E+00 0.000E+00 0.000E+00
    3.2000  668.4010 2.550E+02     AA   CA44444
 6.551E-01 8.000E+02 2.865E-02 0.000E+00 0.000E+00 0.000E+00 0.000E+00
    4.0000  599.9080 2.507E+02     AA   CA44444
 3.213E-01 8.000E+02 2.865E-02 0.000E+00 0.000E+00 0.000E+00 0.000E+00
    5.0000  522.2970 2.420E+02     AA   CA44444
 2.509E-01 8.000E+02 2.865E-02 0.000E+00 0.000E+00 0.000E+00 0.000E+00
    6.0000  452.7660 2.371E+02     AA   CA44444
 5.347E-02 8.000E+02 2.865E-02 0.000E+00 0.000E+00 0.000E+00 0.000E+00
    7.0000  390.9980 2.295E+02     AA   CA44444
 3.050E-02 8.000E+02 2.865E-02 0.000E+00 0.000E+00 0.000E+00 0.000E+00
    8.0000  336.0540 2.217E+02     AA   CA44444
 3.230E-02 8.000E+02 2.865E-02 0.000E+00 0.000E+00 0.000E+00 0.000E+00
    9.0000  287.3350 2.143E+02     AA   CA44444
 2.549E-02 8.000E+02 2.865E-02 0.000E+00 0.000E+00 0.000E+00 0.000E+00
   10.0000  244.4350 2.086E+02     AA   CA44444
 1.850E-02 8.000E+02 2.865E-02 0.000E+00 0.000E+00 0.000E+00 0.000E+00
   11.0000  207.6390 2.113E+02     AA   CA44444
 5.736E-03 8.000E+02 2.865E-02 0.000E+00 0.000E+00 0.000E+00 0.000E+00
   12.0000  176.9590 2.152E+02     AA   CA44444
 3.879E-03 8.000E+02 2.865E-02 0.000E+00 0.000E+00 0.000E+00 0.000E+00
   14.0000  129.0080 2.164E+02     AA   CA44444
 3.889E-03 8.000E+02 2.865E-02 0.000E+00 0.000E+00 0.000E+00 0.000E+00
   17.0000   80.5300 2.169E+02     AA   CA44444
 6.083E-03 8.000E+02 2.865E-02 0.000E+00 0.000E+00 0.000E+00 0.000E+00
   20.0000   50.1400 2.142E+02     AA   CA44444
 2.989E-03 8.000E+02 2.958E-02 0.000E+00 0.000E+00 0.000E+00 0.000E+00
   25.0000   22.5600 2.112E+02     AA   CA44444
 3.112E-03 8.000E+02 3.191E-02 0.000E+00 0.000E+00 0.000E+00 0.000E+00
   28.0000   14.1440 2.141E+02     AA   CA44444
 3.120E-03 8.000E+02 3.330E-02 0.000E+00 0.000E+00 0.000E+00 0.000E+00
   33.0000    6.4680 2.193E+02     AA   CA44444
 3.127E-03 8.000E+02 3.562E-02 0.000E+00 0.000E+00 0.000E+00 0.000E+00
   36.4000    3.8770 2.258E+02     AA   CA44444
 3.123E-03 8.000E+02 3.720E-02 0.000E+00 0.000E+00 0.000E+00 0.000E+00
   39.6000    2.4010 2.337E+02     AA   CA44444
 3.110E-03 8.000E+02 3.869E-02 0.000E+00 0.000E+00 0.000E+00 0.000E+00
   43.0000    1.4790 2.420E+02     AA   CA44444
 3.100E-03 8.000E+02 4.027E-02 0.000E+00 0.000E+00 0.000E+00 0.000E+00
   46.0000    0.9840 2.495E+02     AA   CA44444
 3.117E-03 8.000E+02 4.166E-02 0.000E+00 0.000E+00 0.000E+00 0.000E+00
   50.0000    0.5720 2.593E+02     AA   CA44444
 3.081E-03 8.000E+02 4.352E-02 0.000E+00 0.000E+00 0.000E+00 0.000E+00
   56.0000    0.2700 2.575E+02     AA   CA44444
 2.987E-03 8.000E+02 4.631E-02 0.000E+00 0.000E+00 0.000E+00 0.000E+00
   60.0000    0.1550 2.509E+02     AA   CA44444
 2.801E-03 8.000E+02 4.817E-02 0.000E+00 0.000E+00 0.000E+00 0.000E+00
    3    0    0  The following cross-sections were selected:
CCL4      F11       F12
    2    0 XS 1995 UNEP values
     0.000     AAA
 1.105E-04 2.783E-04 5.027E-04
    60.000     AAA
 1.105E-04 2.783E-04 5.027E-04
-1.
%%%
