Rundeck created on Mi 29. Apr 11:40: 6 CET 2020 by rundecker.py - rewrite from rundecker.pro (v1.37)
         1         2         3         4         5         6         7         8         9
123456789 123456789 123456789 123456789 123456789 123456789 123456789 123456789 123456789 
$ None
 HI=1 F4=1 CN=1 AE=0 EM=0 SC=0 FI=0 PL=0 TS=0 AM=1 MG=1 LA=0 MS=0 XS=1   00   00
   300.000  2100.000     4.000                              0.0002    0.001                             7
1m11111
  1.0000000E+00  1.0000000E-06  1.0000000E+00  1.0000000E+00  1.0000000E+00  1.0000000E+00  1.0000000E+00
    0    2   69    1    1    7    1
     0.018    30.000     0.000
     0.018     0.060     0.130     0.150     0.200     0.250     0.300     0.350
     0.360     0.370     0.380     0.390     0.400     0.450     0.500     0.520
     0.570     0.620     0.720     0.780     0.810     0.860     0.920     1.100
     1.250     1.400     1.600     1.800     2.000     2.200     2.400     2.600
     2.800     3.000     3.200     3.600     3.800     4.000     4.200     4.400
     4.700     5.000     5.300     5.600     5.900     6.200     6.500     6.800
     7.100     7.400     7.700     8.000     8.400     8.800     9.200     9.600
    10.000    10.500    11.000    11.500    12.000    12.500    13.000    14.000
    15.000    18.000    20.000    25.000    30.000
   69 User supplied profile
    0.0180 1011.7694 2.735E+02     AA   CA44444
 3.721E+00 8.000E+02 1.781E-02 0.000E+00 0.000E+00 0.000E+00 0.000E+00
    0.0600 1006.4713 2.731E+02     AA   CA44444
 3.683E+00 8.000E+02 3.096E-02 0.000E+00 0.000E+00 0.000E+00 0.000E+00
    0.1297 1001.4440 2.728E+02     AA   CA44444
 3.658E+00 8.000E+02 6.237E-02 0.000E+00 0.000E+00 0.000E+00 0.000E+00
    0.1500  995.1880 2.724E+02     AA   CA44444
 3.625E+00 8.000E+02 7.022E-02 0.000E+00 0.000E+00 0.000E+00 0.000E+00
    0.2000  988.9604 2.721E+02     AA   CA44444
 3.584E+00 8.000E+02 7.071E-02 0.000E+00 0.000E+00 0.000E+00 0.000E+00
    0.2500  982.7681 2.718E+02     AA   CA44444
 3.538E+00 8.000E+02 6.861E-02 0.000E+00 0.000E+00 0.000E+00 0.000E+00
    0.3000  976.6088 2.716E+02     AA   CA44444
 3.492E+00 8.000E+02 6.718E-02 0.000E+00 0.000E+00 0.000E+00 0.000E+00
    0.3500  970.4836 2.715E+02     AA   CA44444
 3.436E+00 8.000E+02 6.468E-02 0.000E+00 0.000E+00 0.000E+00 0.000E+00
    0.3600  969.2617 2.714E+02     AA   CA44444
 3.423E+00 8.000E+02 6.392E-02 0.000E+00 0.000E+00 0.000E+00 0.000E+00
    0.3700  968.0397 2.714E+02     AA   CA44444
 3.411E+00 8.000E+02 6.316E-02 0.000E+00 0.000E+00 0.000E+00 0.000E+00
    0.3800  966.8234 2.714E+02     AA   CA44444
 3.392E+00 8.000E+02 6.296E-02 0.000E+00 0.000E+00 0.000E+00 0.000E+00
    0.3900  965.6084 2.713E+02     AA   CA44444
 3.372E+00 8.000E+02 6.289E-02 0.000E+00 0.000E+00 0.000E+00 0.000E+00
    0.4000  964.3935 2.713E+02     AA   CA44444
 3.352E+00 8.000E+02 6.282E-02 0.000E+00 0.000E+00 0.000E+00 0.000E+00
    0.4500  958.3429 2.715E+02     AA   CA44444
 3.270E+00 8.000E+02 6.731E-02 0.000E+00 0.000E+00 0.000E+00 0.000E+00
    0.5000  952.3452 2.726E+02     AA   CA44444
 3.273E+00 8.000E+02 7.463E-02 0.000E+00 0.000E+00 0.000E+00 0.000E+00
    0.5200  949.9671 2.734E+02     AA   CA44444
 3.321E+00 8.000E+02 7.621E-02 0.000E+00 0.000E+00 0.000E+00 0.000E+00
    0.5700  944.0672 2.749E+02     AA   CA44444
 3.465E+00 8.000E+02 7.848E-02 0.000E+00 0.000E+00 0.000E+00 0.000E+00
    0.6200  938.2219 2.759E+02     AA   CA44444
 3.600E+00 8.000E+02 7.916E-02 0.000E+00 0.000E+00 0.000E+00 0.000E+00
    0.7200  926.7110 2.771E+02     AA   CA44444
 3.354E+00 8.000E+02 8.168E-02 0.000E+00 0.000E+00 0.000E+00 0.000E+00
    0.7800  919.8793 2.777E+02     AA   CA44444
 3.135E+00 8.000E+02 8.285E-02 0.000E+00 0.000E+00 0.000E+00 0.000E+00
    0.8100  916.5021 2.780E+02     AA   CA44444
 3.065E+00 8.000E+02 8.320E-02 0.000E+00 0.000E+00 0.000E+00 0.000E+00
    0.8600  910.8736 2.784E+02     AA   CA44444
 2.947E+00 8.000E+02 8.380E-02 0.000E+00 0.000E+00 0.000E+00 0.000E+00
    0.9200  904.2078 2.786E+02     AA   CA44444
 2.755E+00 8.000E+02 8.479E-02 0.000E+00 0.000E+00 0.000E+00 0.000E+00
    1.1000  884.4752 2.789E+02     AA   CA44444
 2.438E+00 8.000E+02 8.665E-02 0.000E+00 0.000E+00 0.000E+00 0.000E+00
    1.2500  868.3680 2.789E+02     AA   CA44444
 2.596E+00 8.000E+02 8.585E-02 0.000E+00 0.000E+00 0.000E+00 0.000E+00
    1.4000  852.5415 2.787E+02     AA   CA44444
 2.748E+00 8.000E+02 8.344E-02 0.000E+00 0.000E+00 0.000E+00 0.000E+00
    1.6000  831.8722 2.780E+02     AA   CA44444
 2.888E+00 8.000E+02 8.089E-02 0.000E+00 0.000E+00 0.000E+00 0.000E+00
    1.8000  811.6536 2.770E+02     AA   CA44444
 2.967E+00 8.000E+02 7.997E-02 0.000E+00 0.000E+00 0.000E+00 0.000E+00
    2.0000  791.8340 2.758E+02     AA   CA44444
 2.920E+00 8.000E+02 7.962E-02 0.000E+00 0.000E+00 0.000E+00 0.000E+00
    2.2000  772.4143 2.747E+02     AA   CA44444
 2.862E+00 8.000E+02 7.979E-02 0.000E+00 0.000E+00 0.000E+00 0.000E+00
    2.4000  753.3948 2.735E+02     AA   CA44444
 2.687E+00 8.000E+02 8.015E-02 0.000E+00 0.000E+00 0.000E+00 0.000E+00
    2.6000  734.7701 2.724E+02     AA   CA44444
 2.294E+00 8.000E+02 8.100E-02 0.000E+00 0.000E+00 0.000E+00 0.000E+00
    2.8000  716.5314 2.712E+02     AA   CA44444
 1.888E+00 8.000E+02 8.166E-02 0.000E+00 0.000E+00 0.000E+00 0.000E+00
    3.0000  698.6680 2.699E+02     AA   CA44444
 1.687E+00 8.000E+02 8.254E-02 0.000E+00 0.000E+00 0.000E+00 0.000E+00
    3.2000  681.1656 2.685E+02     AA   CA44444
 1.672E+00 8.000E+02 8.421E-02 0.000E+00 0.000E+00 0.000E+00 0.000E+00
    3.6000  647.1760 2.656E+02     AA   CA44444
 1.625E+00 8.000E+02 9.220E-02 0.000E+00 0.000E+00 0.000E+00 0.000E+00
    3.8000  630.6553 2.642E+02     AA   CA44444
 1.436E+00 8.000E+02 9.709E-02 0.000E+00 0.000E+00 0.000E+00 0.000E+00
    4.0000  614.5380 2.629E+02     AA   CA44444
 1.205E+00 8.000E+02 9.944E-02 0.000E+00 0.000E+00 0.000E+00 0.000E+00
    4.2000  598.7608 2.617E+02     AA   CA44444
 9.599E-01 8.000E+02 1.005E-01 0.000E+00 0.000E+00 0.000E+00 0.000E+00
    4.4000  583.2877 2.607E+02     AA   CA44444
 7.228E-01 8.000E+02 1.017E-01 0.000E+00 0.000E+00 0.000E+00 0.000E+00
    4.7000  560.7418 2.593E+02     AA   CA44444
 4.701E-01 8.000E+02 1.054E-01 0.000E+00 0.000E+00 0.000E+00 0.000E+00
    5.0000  538.9396 2.577E+02     AA   CA44444
 4.780E-01 8.000E+02 1.096E-01 0.000E+00 0.000E+00 0.000E+00 0.000E+00
    5.3000  517.8407 2.557E+02     AA   CA44444
 6.550E-01 8.000E+02 1.101E-01 0.000E+00 0.000E+00 0.000E+00 0.000E+00
    5.6000  497.4022 2.534E+02     AA   CA44444
 7.445E-01 8.000E+02 1.071E-01 0.000E+00 0.000E+00 0.000E+00 0.000E+00
    5.9000  477.5923 2.510E+02     AA   CA44444
 6.426E-01 8.000E+02 1.036E-01 0.000E+00 0.000E+00 0.000E+00 0.000E+00
    6.2000  458.3930 2.487E+02     AA   CA44444
 4.377E-01 8.000E+02 1.036E-01 0.000E+00 0.000E+00 0.000E+00 0.000E+00
    6.5000  439.7995 2.465E+02     AA   CA44444
 2.743E-01 8.000E+02 1.055E-01 0.000E+00 0.000E+00 0.000E+00 0.000E+00
    6.8000  421.8133 2.445E+02     AA   CA44444
 2.170E-01 8.000E+02 1.071E-01 0.000E+00 0.000E+00 0.000E+00 0.000E+00
    7.1000  404.4318 2.427E+02     AA   CA44444
 1.975E-01 8.000E+02 1.103E-01 0.000E+00 0.000E+00 0.000E+00 0.000E+00
    7.4000  387.6384 2.407E+02     AA   CA44444
 1.433E-01 8.000E+02 1.138E-01 0.000E+00 0.000E+00 0.000E+00 0.000E+00
    7.7000  371.4047 2.385E+02     AA   CA44444
 1.053E-01 8.000E+02 1.155E-01 0.000E+00 0.000E+00 0.000E+00 0.000E+00
    8.0000  355.7015 2.360E+02     AA   CA44444
 9.566E-02 8.000E+02 1.185E-01 0.000E+00 0.000E+00 0.000E+00 0.000E+00
    8.4000  335.5433 2.327E+02     AA   CA44444
 9.305E-02 8.000E+02 1.182E-01 0.000E+00 0.000E+00 0.000E+00 0.000E+00
    8.8000  316.3022 2.292E+02     AA   CA44444
 9.257E-02 8.000E+02 1.049E-01 0.000E+00 0.000E+00 0.000E+00 0.000E+00
    9.2000  297.8273 2.255E+02     AA   CA44444
 9.448E-02 8.000E+02 9.855E-02 0.000E+00 0.000E+00 0.000E+00 0.000E+00
    9.6000  280.2214 2.221E+02     AA   CA44444
 6.988E-02 8.000E+02 1.079E-01 0.000E+00 0.000E+00 0.000E+00 0.000E+00
   10.0000  263.4010 2.190E+02     AA   CA44444
 4.313E-02 8.000E+02 1.138E-01 0.000E+00 0.000E+00 0.000E+00 0.000E+00
   10.5000  243.5463 2.166E+02     AA   CA44444
 2.736E-02 8.000E+02 2.149E-01 0.000E+00 0.000E+00 0.000E+00 0.000E+00
   11.0000  225.0326 2.158E+02     AA   CA44444
 2.133E-02 8.000E+02 3.834E-01 0.000E+00 0.000E+00 0.000E+00 0.000E+00
   11.5000  208.0114 2.189E+02     AA   CA44444
 1.388E-02 8.000E+02 6.754E-01 0.000E+00 0.000E+00 0.000E+00 0.000E+00
   12.0000  192.5792 2.226E+02     AA   CA44444
 7.199E-03 8.000E+02 8.902E-01 0.000E+00 0.000E+00 0.000E+00 0.000E+00
   12.5000  178.4209 2.248E+02     AA   CA44444
 3.388E-03 8.000E+02 1.039E+00 0.000E+00 0.000E+00 0.000E+00 0.000E+00
   13.0000  165.4189 2.253E+02     AA   CA44444
 2.983E-03 8.000E+02 1.207E+00 0.000E+00 0.000E+00 0.000E+00 0.000E+00
   14.0000  142.2019 2.256E+02     AA   CA44444
 2.983E-03 8.000E+02 1.357E+00 0.000E+00 0.000E+00 0.000E+00 0.000E+00
   15.0000  122.2526 2.255E+02     AA   CA44444
 2.661E-03 8.000E+02 1.719E+00 0.000E+00 0.000E+00 0.000E+00 0.000E+00
   18.0000   78.7153 2.269E+02     AA   CA44444
 2.605E-03 8.000E+02 1.935E+00 0.000E+00 0.000E+00 0.000E+00 0.000E+00
   20.0000   58.3224 2.277E+02     AA   CA44444
 2.768E-03 8.000E+02 2.228E+00 0.000E+00 0.000E+00 0.000E+00 0.000E+00
   25.0000   27.3636 2.280E+02     AA   CA44444
 2.983E-03 8.000E+02 3.084E+00 0.000E+00 0.000E+00 0.000E+00 0.000E+00
   30.0000   13.1397 2.363E+02     AA   CA44444
 3.361E-03 8.000E+02 4.280E+00 0.000E+00 0.000E+00 0.000E+00 0.000E+00
    3    0    0  The following cross-sections were selected:
CCL4      F11       F12
    2    0 XS 1995 UNEP values
     0.018     AAA
 1.105E-04 2.783E-04 5.027E-04
    30.000     AAA
 1.105E-04 2.783E-04 5.027E-04
-1.
%%%
