$    1  None                                                                   LBLRTM 
 1 68    7  1.000000 User supplied p H1=    0.02 H2=   30.00 ANG=   0.000 LEN= 0
   1009.127        273.30              3   0.018 1011.77 273.50  0.060 1006.47 273.10
  6.6445849E+20  8.9310963E+19  2.7196189E+15  3.4607798E+16  1.6724237E+16  1.8978273E+17  2.3332148E+22  8.8215032E+22
   1003.955        272.95              3                         0.130 1001.44 272.80
  1.0913019E+21  1.4793832E+20  4.5676564E+15  5.7326642E+16  2.7652608E+16  3.1437257E+17  3.8648604E+22  1.4612800E+23
   998.3142        272.60              3                         0.150 995.188 272.40
  3.0908806E+20  4.2233904E+19  1.3187988E+15  1.6365828E+16  7.8827645E+15  8.9748178E+16  1.1033774E+22  4.1717001E+22
   992.0694        272.25              3                         0.200 988.960 272.10
  7.6481846E+20  1.0557844E+20  3.3226637E+15  4.0911745E+16  1.9682993E+16  2.2435585E+17  2.7582487E+22  1.0428570E+23
   985.8645        271.95              3                         0.250 982.768 271.80
  7.4443235E+20  1.0402057E+20  3.3112966E+15  4.0307877E+16  1.9360269E+16  2.2104467E+17  2.7175211E+22  1.0274711E+23
   979.6848        271.70              3                         0.300 976.609 271.60
  7.3094280E+20  1.0347352E+20  3.3305681E+15  4.0096122E+16  1.9225850E+16  2.1987862E+17  2.7032276E+22  1.0220543E+23
   973.5425        271.55              3                         0.350 970.484 271.50
  7.2329070E+20  1.0389676E+20  3.3804396E+15  4.0260040E+16  1.9272936E+16  2.2078326E+17  2.7142983E+22  1.0262581E+23
   969.8744        271.44              3                         0.360 969.262 271.40
  1.3858163E+20  2.0107616E+19  6.5840124E+14  7.7911990E+15  3.7259883E+15  4.2727529E+16  5.2529924E+21  1.9860787E+22
   968.6262        271.40              3                         0.370 968.040 271.40
  1.4482615E+20  2.1089409E+19  6.9205097E+14  8.1722050E+15  3.9068700E+15  4.4815995E+16  5.5096649E+21  2.0831546E+22
   967.4501        271.40              3                         0.380 966.823 271.40
  1.3713646E+20  2.0061278E+19  6.5960014E+14  7.7736997E+15  3.7149537E+15  4.2628697E+16  5.2408400E+21  1.9814757E+22
   966.2412        271.36              3                         0.390 965.608 271.30
  1.4301868E+20  2.1041376E+19  6.9329107E+14  8.1535960E+15  3.8952774E+15  4.4715209E+16  5.4972204E+21  2.0783709E+22
   964.9976        271.30              3                         0.400 964.393 271.30
  1.3526189E+20  2.0019057E+19  6.6092574E+14  7.7572838E+15  3.7047392E+15  4.2540294E+16  5.2299402E+21  1.9773640E+22
   961.3642        271.40              3                         0.450 958.343 271.50
  6.8322548E+20  1.0268148E+20  3.4107224E+15  3.9788513E+16  1.8983113E+16  2.1819812E+17  2.6825139E+22  1.0142197E+23
   955.3459        272.05              3                         0.500 952.345 272.60
  6.6281165E+20  1.0081252E+20  3.3822518E+15  3.9064428E+16  1.8606071E+16  2.1422481E+17  2.6337037E+22  9.9576317E+22
   951.1586        273.00              3                         0.520 949.967 273.40
  2.6637745E+20  4.0202855E+19  1.3579095E+15  1.5578469E+16  7.4111701E+15  8.5430335E+16  1.0502961E+22  3.9710021E+22
   947.0190        274.15              3                         0.570 944.067 274.90
  6.7596075E+20  9.9147968E+19  3.3713061E+15  3.8419990E+16  1.8255634E+16  2.1068996E+17  2.5902453E+22  9.7933710E+22
   941.1480        275.40              3                         0.620 938.222 275.90
  7.0290480E+20  9.9024665E+19  3.3986390E+15  3.8372062E+16  1.8201970E+16  2.1042864E+17  2.5870153E+22  9.7812086E+22
   932.4683        276.50              3                         0.720 926.711 277.10
  1.3587643E+21  1.9451173E+20  6.7667671E+15  7.5372982E+16  3.5661461E+16  4.1333594E+17  5.0816155E+22  1.9212866E+23
   923.2994        277.40              3                         0.780 919.879 277.70
  7.4498777E+20  1.1429084E+20  4.0322678E+15  4.4287663E+16  2.0896152E+16  2.4286741E+17  2.9858361E+22  1.1289025E+23
   918.1860        277.85              3                         0.810 916.502 278.00
  3.5934608E+20  5.7680952E+19  2.0507096E+15  2.2351420E+16  1.0529780E+16  1.2257104E+17  1.5069059E+22  5.6973710E+22
   913.6895        278.20              3                         0.860 910.874 278.40
  5.6977122E+20  9.4324745E+19  3.3759291E+15  3.6550863E+16  1.7195064E+16  2.0043872E+17  2.4642436E+22  9.3167965E+22
   907.5415        278.50              3                         0.920 904.208 278.60
  6.4657765E+20  1.1288456E+20  4.0766852E+15  4.3742575E+16  2.0539124E+16  2.3987631E+17  2.9491045E+22  1.1150189E+23
   894.3436        278.75              3                         1.100 884.475 278.90
  1.7387906E+21  3.3355348E+20  1.2274253E+16  1.2925177E+17  6.0435649E+16  7.0880051E+17  8.7140717E+22  3.2946807E+23
   876.4219        278.90              3                         1.250 868.368 278.90
  1.3744986E+21  2.7184111E+20  1.0256399E+16  1.0533797E+17  4.8968301E+16  5.7766073E+17  7.1018632E+22  2.6850868E+23
   860.4540        278.80              3                         1.400 852.542 278.70
  1.4328229E+21  2.6691545E+20  1.0291086E+16  1.0343003E+17  4.7826351E+16  5.6719843E+17  6.9731854E+22  2.6364634E+23
   842.2026        278.35              3                         1.600 831.872 278.00
  1.9780938E+21  3.4938187E+20  1.3802118E+16  1.3538544E+17  6.2212795E+16  7.4243719E+17  9.1275976E+22  3.4510180E+23
   821.7570        277.50              3                         1.800 811.654 277.00
  2.0063238E+21  3.4105267E+20  1.3842534E+16  1.3215717E+17  6.0293661E+16  7.2473443E+17  8.9099665E+22  3.3687257E+23
   801.7358        276.40              3                         2.000 791.834 275.80
  1.9809978E+21  3.3487440E+20  1.3958068E+16  1.2976392E+17  5.8775055E+16  7.1160874E+17  8.7486152E+22  3.3077217E+23
   782.1177        275.25              3                         2.200 772.414 274.70
  1.9061287E+21  3.2807105E+20  1.4051659E+16  1.2714265E+17  5.7157790E+16  6.9717208E+17  8.5708545E+22  3.2405348E+23
   762.8981        274.10              3                         2.400 753.395 273.50
  1.7874079E+21  3.2062786E+20  1.4121593E+16  1.2428082E+17  5.5444098E+16  6.8138495E+17  8.3764359E+22  3.1670037E+23
   744.0760        272.95              3                         2.600 734.770 272.40
  1.5735141E+21  3.1494759E+20  1.4264929E+16  1.2209090E+17  5.4059628E+16  6.6933217E+17  8.2279720E+22  3.1109151E+23
   725.6441        271.80              3                         2.800 716.531 271.20
  1.2901911E+21  3.0788848E+20  1.4341830E+16  1.1935213E+17  5.2465976E+16  6.5433078E+17  8.0435424E+22  3.0412102E+23
   707.5921        270.55              3                         3.000 698.668 269.90
  1.0857556E+21  3.0250151E+20  1.4492402E+16  1.1723873E+17  5.1186441E+16  6.4284143E+17  7.9028698E+22  2.9879679E+23
   689.9084        269.20              3                         3.200 681.166 268.50
  1.0006974E+21  2.9647302E+20  1.4599687E+16  1.1484435E+17  4.9827634E+16  6.2995941E+17  7.7453141E+22  2.9284040E+23
   664.1403        267.06              3                         3.600 647.176 265.60
  1.9038229E+21  5.7463349E+20  2.9484841E+16  2.2226488E+17  9.5692421E+16  1.2205908E+18  1.5012299E+23  5.6759363E+23
   638.9082        264.90              3                         3.800 630.655 264.20
  8.5540541E+20  2.7839900E+20  1.4901328E+16  1.0746669E+17  4.5969413E+16  5.9104632E+17  7.2731445E+22  2.7498819E+23
   622.5909        263.55              3                         4.000 614.538 262.90
  7.2401507E+20  2.7343628E+20  1.5075923E+16  1.0534995E+17  4.4940124E+16  5.8020198E+17  7.1435075E+22  2.7008735E+23
   606.6422        262.30              3                         4.200 598.761 261.70
  5.8031798E+20  2.6780361E+20  1.5231189E+16  1.0294841E+17  4.3870634E+16  5.6782588E+17  6.9963826E+22  2.6452550E+23
   591.0191        261.20              3                         4.400 583.288 260.70
  4.3939387E+20  2.6146670E+20  1.5363785E+16  1.0024651E+17  4.2749699E+16  5.5385696E+17  6.8308262E+22  2.5826614E+23
   572.0049        260.00              3                         4.700 560.742 259.30
  4.5197116E+20  3.8239041E+20  2.3455652E+16  1.4599145E+17  6.2419095E+16  8.0884322E+17  9.9899459E+22  3.7771200E+23
   549.8294        258.50              3                         5.000 538.940 257.70
  3.5168722E+20  3.6917086E+20  2.3908419E+16  1.4005159E+17  6.0170039E+16  7.7932793E+17  9.6446108E+22  3.6464699E+23
   528.3768        256.70              3                         5.300 517.841 255.70
  4.0300275E+20  3.5720237E+20  2.4559959E+16  1.3428378E+17  5.8113545E+16  7.5239897E+17  9.3319025E+22  3.5282839E+23
   507.6064        254.55              3                         5.600 497.402 253.40
  4.8652253E+20  3.4654904E+20  2.5394855E+16  1.2877473E+17  5.6228836E+16  7.2818202E+17  9.0535872E+22  3.4230319E+23
   487.4816        252.20              3                         5.900 477.592 251.00
  4.6678209E+20  3.3536663E+20  2.6162471E+16  1.2309115E+17  5.4211326E+16  7.0272558E+17  8.7614730E+22  3.3125820E+23
   467.9778        249.85              3                         6.200 458.393 248.70
  3.4950987E+20  3.2558601E+20  2.6913773E+16  1.1812406E+17  5.2339923E+16  6.7997139E+17  8.5059288E+22  3.2160090E+23
   449.0820        247.60              3                         6.500 439.799 246.50
  2.2153302E+20  3.1485851E+20  2.7418094E+16  1.1310424E+17  5.0223887E+16  6.5500993E+17  8.2256941E+22  3.1100418E+23
   430.7944        245.50              3                         6.800 421.813 244.50
  1.4982602E+20  3.0467260E+20  2.7864114E+16  1.0848931E+17  4.8129262E+16  6.3115781E+17  7.9595710E+22  3.0094018E+23
   413.1120        243.60              3                         7.100 404.432 242.70
  1.2278999E+20  2.9494276E+20  2.8204123E+16  1.0418421E+17  4.6065826E+16  6.0842211E+17  7.7053680E+22  2.9132847E+23
   396.0233        241.70              3                         7.400 387.638 240.70
  9.6695459E+19  2.8451818E+20  2.8227296E+16  9.9761593E+16  4.3870969E+16  5.8456484E+17  7.4330511E+22  2.8103254E+23
   379.5093        239.60              3                         7.700 371.405 238.50
  6.8344169E+19  2.7551117E+20  2.8469678E+16  9.5941383E+16  4.1869308E+16  5.6394051E+17  7.1977353E+22  2.7213631E+23
   363.5391        237.25              3                         8.000 355.702 236.00
  5.3709876E+19  2.6610950E+20  2.9228681E+16  9.2067426E+16  3.9772269E+16  5.4278570E+17  6.9521072E+22  2.6284879E+23
   345.5988        234.36              3                         8.400 335.543 232.70
  6.4775221E+19  3.4158037E+20  4.2650696E+16  1.1731282E+17  4.9869046E+16  6.9453504E+17  8.9237809E+22  3.3739498E+23
   325.8985        230.96              3                         8.800 316.302 229.20
  6.0965941E+19  3.2685131E+20  4.8895231E+16  1.1133071E+17  4.6256793E+16  6.6247651E+17  8.5389888E+22  3.2284620E+23
   307.0399        227.36              3                         9.200 297.827 225.50
  5.8861009E+19  3.1319320E+20  5.4741866E+16  1.0582581E+17  4.2835839E+16  6.3179313E+17  8.1821722E+22  3.0935593E+23
   289.0018        223.81              3                         9.600 280.221 222.10
  4.9085080E+19  2.9910667E+20  5.8878998E+16  1.0027567E+17  3.9458109E+16  5.9890041E+17  7.8141579E+22  2.9544237E+23
   271.7914        220.56              3                        10.000 263.401 219.00
  3.1861230E+19  2.8544618E+20  6.3212117E+16  9.4958411E+16  3.6253291E+16  5.6621856E+17  7.4572926E+22  2.8195011E+23
   253.4555        217.81              3                        10.500 243.546 216.60
  2.3523948E+19  3.3696291E+20  9.0448507E+16  1.1112781E+17  4.0934938E+16  6.6122059E+17  8.8031511E+22  3.3283435E+23
   234.2837        216.20              3                        11.000 225.033 215.80
  1.5297040E+19  3.1377652E+20  1.0693624E+17  1.0248173E+17  3.6161688E+16  6.0847138E+17  8.1974142E+22  3.0993214E+23
   216.5421        217.32              3                        11.500 208.011 218.90
  1.0086408E+19  2.8849480E+20  1.1933125E+17  9.3311764E+16  3.1343784E+16  5.5284926E+17  7.5369226E+22  2.8496001E+23
   200.3168        220.72              3                        12.000 192.579 222.60
  5.4017885E+18  2.6277914E+20  1.2600390E+17  8.4156775E+16  2.6659921E+16  4.9765741E+17  6.8651139E+22  2.5955945E+23
   185.5117        223.68              3                        12.500 178.421 224.80
  2.4534222E+18  2.4014514E+20  1.2965950E+17  7.6117996E+16  2.2392639E+16  4.4948867E+17  6.2737917E+22  2.3720272E+23
   171.9223        225.05              3                        13.000 165.419 225.30
  1.4154847E+18  2.2121808E+20  1.3190516E+17  6.9357821E+16  1.8633013E+16  4.0921954E+17  5.7793217E+22  2.1850741E+23
   153.8130        225.45              3                        14.000 142.202 225.60
  2.3654184E+18  3.9456670E+20  2.6988906E+17  1.2153389E+17  2.8063213E+16  7.1657846E+17  1.0308056E+23  3.8973214E+23
   132.2265        225.55              3                        15.000 122.253 225.50
  1.9235171E+18  3.3904259E+20  2.7439512E+17  1.0149095E+17  1.8963816E+16  5.9838701E+17  8.8574915E+22  3.3488832E+23
   100.5062        226.15              3                        18.000 78.7153 226.90
  4.0253692E+18  7.6014154E+20  9.0004338E+17  2.0932219E+17  2.7678468E+16  1.2483322E+18  1.9858698E+23  7.5082752E+23
   68.52481        227.28              3                        20.000 58.3224 227.70
  1.8688280E+18  3.4677443E+20  7.1439084E+17  7.8138477E+16  7.1259139E+15  4.9986671E+17  9.0594806E+22  3.4252509E+23
   42.84633        227.83              3                        25.000 27.3636 228.00
  2.9908146E+18  5.2021129E+20  1.9518882E+18  8.0134581E+16  9.1520621E+15  5.9855283E+17  1.3590521E+23  5.1383615E+23
   20.29325        231.60              3                        30.000 13.1397 236.30
  1.5327404E+18  2.4255599E+20  1.5161262E+18  2.2577370E+16  4.9592522E+15  2.1261444E+17  6.3367763E+22  2.3958294E+23
    3         0      THE FOLLOWING CROSS-SECTIONS WERE SELECTED:
CCL4      F11       F12                                                OTHER    
 1 68    3  1.000000 User supplied p H1=   0.018 H2=  30.000 ANG=   0.000 LEN= 0
   1009.127        273.30              3   0.018 1011.77 273.50  0.060 1006.47 273.10
  1.2335983E+13  3.1068466E+13  5.6119800E+13  0.0000000E+00  0.0000000E+00  0.0000000E+00  0.0000000E+00  8.8215032E+22
   1003.955        272.95              3                         0.130 1001.44 272.80
  2.0433886E+13  5.1463892E+13  9.2961187E+13  0.0000000E+00  0.0000000E+00  0.0000000E+00  0.0000000E+00  1.4612800E+23
   998.3142        272.60              3                         0.150 995.188 272.40
  5.8335827E+12  1.4692220E+13  2.6539104E+13  0.0000000E+00  0.0000000E+00  0.0000000E+00  0.0000000E+00  4.1717001E+22
   992.0694        272.25              3                         0.200 988.960 272.10
  1.4583171E+13  3.6728585E+13  6.6342988E+13  0.0000000E+00  0.0000000E+00  0.0000000E+00  0.0000000E+00  1.0428570E+23
   985.8645        271.95              3                         0.250 982.768 271.80
  1.4367928E+13  3.6185968E+13  6.5363941E+13  0.0000000E+00  0.0000000E+00  0.0000000E+00  0.0000000E+00  1.0274711E+23
   979.6848        271.70              3                         0.300 976.609 271.60
  1.4292337E+13  3.5995861E+13  6.5020486E+13  0.0000000E+00  0.0000000E+00  0.0000000E+00  0.0000000E+00  1.0220543E+23
   973.5425        271.55              3                         0.350 970.484 271.50
  1.4350722E+13  3.6143182E+13  6.5286011E+13  0.0000000E+00  0.0000000E+00  0.0000000E+00  0.0000000E+00  1.0262581E+23
   969.8744        271.44              3                         0.360 969.262 271.40
  2.7772770E+12  6.9945472E+12  1.2634586E+13  0.0000000E+00  0.0000000E+00  0.0000000E+00  0.0000000E+00  1.9860787E+22
   968.6262        271.40              3                         0.370 968.040 271.40
  2.9130621E+12  7.3367416E+12  1.3252232E+13  0.0000000E+00  0.0000000E+00  0.0000000E+00  0.0000000E+00  2.0831546E+22
   967.4501        271.40              3                         0.380 966.823 271.40
  2.7709169E+12  6.9785449E+12  1.2605562E+13  0.0000000E+00  0.0000000E+00  0.0000000E+00  0.0000000E+00  1.9814757E+22
   966.2412        271.36              3                         0.390 965.608 271.30
  2.9064676E+12  7.3197331E+12  1.3222636E+13  0.0000000E+00  0.0000000E+00  0.0000000E+00  0.0000000E+00  2.0783709E+22
   964.9976        271.30              3                         0.400 964.393 271.30
  2.7651494E+12  6.9642161E+12  1.2579678E+13  0.0000000E+00  0.0000000E+00  0.0000000E+00  0.0000000E+00  1.9773640E+22
   961.3642        271.40              3                         0.450 958.343 271.50
  1.4182750E+13  3.5720262E+13  6.4521851E+13  0.0000000E+00  0.0000000E+00  0.0000000E+00  0.0000000E+00  1.0142197E+23
   955.3459        272.05              3                         0.500 952.345 272.60
  1.3924713E+13  3.5069696E+13  6.3347408E+13  0.0000000E+00  0.0000000E+00  0.0000000E+00  0.0000000E+00  9.9576317E+22
   951.1586        273.00              3                         0.520 949.967 273.40
  5.5529586E+12  1.3985610E+13  2.5262226E+13  0.0000000E+00  0.0000000E+00  0.0000000E+00  0.0000000E+00  3.9710021E+22
   947.0190        274.15              3                         0.570 944.067 274.90
  1.3694860E+13  3.4491238E+13  6.2302255E+13  0.0000000E+00  0.0000000E+00  0.0000000E+00  0.0000000E+00  9.7933710E+22
   941.1480        275.40              3                         0.620 938.222 275.90
  1.3677926E+13  3.4448471E+13  6.2224970E+13  0.0000000E+00  0.0000000E+00  0.0000000E+00  0.0000000E+00  9.7812086E+22
   932.4683        276.50              3                         0.720 926.711 277.10
  2.6866711E+13  6.7665314E+13  1.2222623E+14  0.0000000E+00  0.0000000E+00  0.0000000E+00  0.0000000E+00  1.9212866E+23
   923.2994        277.40              3                         0.780 919.879 277.70
  1.5786307E+13  3.9759125E+13  7.1817197E+13  0.0000000E+00  0.0000000E+00  0.0000000E+00  0.0000000E+00  1.1289025E+23
   918.1860        277.85              3                         0.810 916.502 278.00
  7.9671774E+12  2.0065743E+13  3.6245317E+13  0.0000000E+00  0.0000000E+00  0.0000000E+00  0.0000000E+00  5.6973710E+22
   913.6895        278.20              3                         0.860 910.874 278.40
  1.3028537E+13  3.2813032E+13  5.9270712E+13  0.0000000E+00  0.0000000E+00  0.0000000E+00  0.0000000E+00  9.3167965E+22
   907.5415        278.50              3                         0.920 904.208 278.60
  1.5592126E+13  3.9269645E+13  7.0934027E+13  0.0000000E+00  0.0000000E+00  0.0000000E+00  0.0000000E+00  1.1150189E+23
   894.3436        278.75              3                         1.100 884.475 278.90
  4.6071988E+13  1.1603467E+14  2.0959632E+14  0.0000000E+00  0.0000000E+00  0.0000000E+00  0.0000000E+00  3.2946807E+23
   876.4219        278.90              3                         1.250 868.368 278.90
  3.7547934E+13  9.4566707E+13  1.7081815E+14  0.0000000E+00  0.0000000E+00  0.0000000E+00  0.0000000E+00  2.6850868E+23
   860.4540        278.80              3                         1.400 852.542 278.70
  3.6867815E+13  9.2853510E+13  1.6772352E+14  0.0000000E+00  0.0000000E+00  0.0000000E+00  0.0000000E+00  2.6364634E+23
   842.2026        278.35              3                         1.600 831.872 278.00
  4.8258433E+13  1.2154097E+14  2.1954255E+14  0.0000000E+00  0.0000000E+00  0.0000000E+00  0.0000000E+00  3.4510180E+23
   821.7570        277.50              3                         1.800 811.654 277.00
  4.7107776E+13  1.1864338E+14  2.1430895E+14  0.0000000E+00  0.0000000E+00  0.0000000E+00  0.0000000E+00  3.3687257E+23
   801.7358        276.40              3                         2.000 791.834 275.80
  4.6254579E+13  1.1649460E+14  2.1042679E+14  0.0000000E+00  0.0000000E+00  0.0000000E+00  0.0000000E+00  3.3077217E+23
   782.1177        275.25              3                         2.200 772.414 274.70
  4.5314975E+13  1.1412804E+14  2.0615256E+14  0.0000000E+00  0.0000000E+00  0.0000000E+00  0.0000000E+00  3.2405348E+23
   762.8981        274.10              3                         2.400 753.395 273.50
  4.4286628E+13  1.1153857E+14  2.0147482E+14  0.0000000E+00  0.0000000E+00  0.0000000E+00  0.0000000E+00  3.1670037E+23
   744.0760        272.95              3                         2.600 734.770 272.40
  4.3502038E+13  1.0956264E+14  1.9790448E+14  0.0000000E+00  0.0000000E+00  0.0000000E+00  0.0000000E+00  3.1109151E+23
   725.6441        271.80              3                         2.800 716.531 271.20
  4.2526883E+13  1.0710650E+14  1.9346858E+14  0.0000000E+00  0.0000000E+00  0.0000000E+00  0.0000000E+00  3.0412102E+23
   707.5921        270.55              3                         3.000 698.668 269.90
  4.1783052E+13  1.0523265E+14  1.9008465E+14  0.0000000E+00  0.0000000E+00  0.0000000E+00  0.0000000E+00  2.9879679E+23
   689.9084        269.20              3                         3.200 681.166 268.50
  4.0950114E+13  1.0313498E+14  1.8629575E+14  0.0000000E+00  0.0000000E+00  0.0000000E+00  0.0000000E+00  2.9284040E+23
   664.1403        267.06              3                         3.600 647.176 265.60
  7.9371365E+13  1.9990041E+14  3.6108545E+14  0.0000000E+00  0.0000000E+00  0.0000000E+00  0.0000000E+00  5.6759363E+23
   638.9082        264.90              3                         3.800 630.655 264.20
  3.8453790E+13  9.6847696E+13  1.7493843E+14  0.0000000E+00  0.0000000E+00  0.0000000E+00  0.0000000E+00  2.7498819E+23
   622.5909        263.55              3                         4.000 614.538 262.90
  3.7768302E+13  9.5121589E+13  1.7182035E+14  0.0000000E+00  0.0000000E+00  0.0000000E+00  0.0000000E+00  2.7008735E+23
   606.6422        262.30              3                         4.200 598.761 261.70
  3.6990385E+13  9.3161783E+13  1.6828125E+14  0.0000000E+00  0.0000000E+00  0.0000000E+00  0.0000000E+00  2.6452550E+23
   591.0191        261.20              3                         4.400 583.288 260.70
  3.6115155E+13  9.0957987E+13  1.6429938E+14  0.0000000E+00  0.0000000E+00  0.0000000E+00  0.0000000E+00  2.5826614E+23
   572.0049        260.00              3                         4.700 560.742 259.30
  5.2817620E+13  1.3302406E+14  2.4028455E+14  0.0000000E+00  0.0000000E+00  0.0000000E+00  0.0000000E+00  3.7771200E+23
   549.8294        258.50              3                         5.000 538.940 257.70
  5.0991819E+13  1.2842539E+14  2.3197800E+14  0.0000000E+00  0.0000000E+00  0.0000000E+00  0.0000000E+00  3.6464699E+23
   528.3768        256.70              3                         5.300 517.841 255.70
  4.9338667E+13  1.2426172E+14  2.2445665E+14  0.0000000E+00  0.0000000E+00  0.0000000E+00  0.0000000E+00  3.5282839E+23
   507.6064        254.55              3                         5.600 497.402 253.40
  4.7867142E+13  1.2055575E+14  2.1776300E+14  0.0000000E+00  0.0000000E+00  0.0000000E+00  0.0000000E+00  3.4230319E+23
   487.4816        252.20              3                         5.900 477.592 251.00
  4.6322619E+13  1.1666569E+14  2.1073586E+14  0.0000000E+00  0.0000000E+00  0.0000000E+00  0.0000000E+00  3.3125820E+23
   467.9778        249.85              3                         6.200 458.393 248.70
  4.4971487E+13  1.1326325E+14  2.0458969E+14  0.0000000E+00  0.0000000E+00  0.0000000E+00  0.0000000E+00  3.2160090E+23
   449.0820        247.60              3                         6.500 439.799 246.50
  4.3489765E+13  1.0953129E+14  1.9784945E+14  0.0000000E+00  0.0000000E+00  0.0000000E+00  0.0000000E+00  3.1100418E+23
   430.7944        245.50              3                         6.800 421.813 244.50
  4.2082861E+13  1.0598786E+14  1.9144847E+14  0.0000000E+00  0.0000000E+00  0.0000000E+00  0.0000000E+00  3.0094018E+23
   413.1120        243.60              3                         7.100 404.432 242.70
  4.0738910E+13  1.0260324E+14  1.8533438E+14  0.0000000E+00  0.0000000E+00  0.0000000E+00  0.0000000E+00  2.9132847E+23
   396.0233        241.70              3                         7.400 387.638 240.70
  3.9299156E+13  9.8976934E+13  1.7878446E+14  0.0000000E+00  0.0000000E+00  0.0000000E+00  0.0000000E+00  2.8103254E+23
   379.5093        239.60              3                         7.700 371.405 238.50
  3.8055017E+13  9.5843672E+13  1.7312461E+14  0.0000000E+00  0.0000000E+00  0.0000000E+00  0.0000000E+00  2.7213631E+23
   363.5391        237.25              3                         8.000 355.702 236.00
  3.6756393E+13  9.2572853E+13  1.6721658E+14  0.0000000E+00  0.0000000E+00  0.0000000E+00  0.0000000E+00  2.6284879E+23
   345.5988        234.36              3                         8.400 335.543 232.70
  4.7180753E+13  1.1882729E+14  2.1464034E+14  0.0000000E+00  0.0000000E+00  0.0000000E+00  0.0000000E+00  3.3739498E+23
   325.8985        230.96              3                         8.800 316.302 229.20
  4.5146360E+13  1.1370338E+14  2.0538522E+14  0.0000000E+00  0.0000000E+00  0.0000000E+00  0.0000000E+00  3.2284620E+23
   307.0399        227.36              3                         9.200 297.827 225.50
  4.3259842E+13  1.0895213E+14  1.9680285E+14  0.0000000E+00  0.0000000E+00  0.0000000E+00  0.0000000E+00  3.0935593E+23
   289.0018        223.81              3                         9.600 280.221 222.10
  4.1314075E+13  1.0405168E+14  1.8795106E+14  0.0000000E+00  0.0000000E+00  0.0000000E+00  0.0000000E+00  2.9544237E+23
   271.7914        220.56              3                        10.000 263.401 219.00
  3.9427338E+13  9.9299568E+13  1.7936758E+14  0.0000000E+00  0.0000000E+00  0.0000000E+00  0.0000000E+00  2.8195011E+23
   253.4555        217.81              3                        10.500 243.546 216.60
  4.6542963E+13  1.1722086E+14  2.1173890E+14  0.0000000E+00  0.0000000E+00  0.0000000E+00  0.0000000E+00  3.3283435E+23
   234.2837        216.20              3                        11.000 225.033 215.80
  4.3340385E+13  1.0915497E+14  1.9716948E+14  0.0000000E+00  0.0000000E+00  0.0000000E+00  0.0000000E+00  3.0993214E+23
   216.5421        217.32              3                        11.500 208.011 218.90
  3.9848312E+13  1.0036004E+14  1.8128268E+14  0.0000000E+00  0.0000000E+00  0.0000000E+00  0.0000000E+00  2.8496001E+23
   200.3168        220.72              3                        12.000 192.579 222.60
  3.6296379E+13  9.1414344E+13  1.6512378E+14  0.0000000E+00  0.0000000E+00  0.0000000E+00  0.0000000E+00  2.5955945E+23
   185.5117        223.68              3                        12.500 178.421 224.80
  3.3170053E+13  8.3540511E+13  1.5090124E+14  0.0000000E+00  0.0000000E+00  0.0000000E+00  0.0000000E+00  2.3720272E+23
   171.9223        225.05              3                        13.000 165.419 225.30
  3.0555731E+13  7.6956192E+13  1.3900782E+14  0.0000000E+00  0.0000000E+00  0.0000000E+00  0.0000000E+00  2.1850741E+23
   153.8130        225.45              3                        14.000 142.202 225.60
  5.4499532E+13  1.3725991E+14  2.4793581E+14  0.0000000E+00  0.0000000E+00  0.0000000E+00  0.0000000E+00  3.8973214E+23
   132.2265        225.55              3                        15.000 122.253 225.50
  4.6830277E+13  1.1794445E+14  2.1304581E+14  0.0000000E+00  0.0000000E+00  0.0000000E+00  0.0000000E+00  3.3488832E+23
   100.5062        226.15              3                        18.000 78.7153 226.90
  1.0499455E+14  2.6443426E+14  4.7765395E+14  0.0000000E+00  0.0000000E+00  0.0000000E+00  0.0000000E+00  7.5082752E+23
   68.52481        227.28              3                        20.000 58.3224 227.70
  4.7898218E+13  1.2063415E+14  2.1790436E+14  0.0000000E+00  0.0000000E+00  0.0000000E+00  0.0000000E+00  3.4252509E+23
   42.84633        227.83              3                        25.000 27.3636 228.00
  7.1854182E+13  1.8096851E+14  3.2688781E+14  0.0000000E+00  0.0000000E+00  0.0000000E+00  0.0000000E+00  5.1383615E+23
   20.29325        231.60              3                        30.000 13.1397 236.30
  3.3503052E+13  8.4379179E+13  1.5241614E+14  0.0000000E+00  0.0000000E+00  0.0000000E+00  0.0000000E+00  2.3958294E+23
