$    1  None                                                                   LBLRTM 
 1 68    7  1.000000 User supplied p H1=    0.02 H2=   30.00 ANG=   0.000 LEN= 0
   1011.720        273.05              3   0.018 1014.39 273.30  0.060 1009.07 272.80
  6.4834552E+20  8.9635592E+19  2.7295892E+15  3.4734038E+16  1.6785614E+16  1.9047402E+17  2.3417077E+22  8.8540390E+22
   1006.539        272.60              3                         0.130 1004.02 272.40
  1.0682093E+21  1.4853449E+20  4.5859927E+15  5.7557295E+16  2.7764183E+16  3.1563794E+17  3.8804604E+22  1.4671554E+23
   1000.882        272.20              3                         0.150 997.738 272.00
  3.0308870E+20  4.2410648E+19  1.3232175E+15  1.6434096E+16  7.9156956E+15  9.0123326E+16  1.1079828E+22  4.1891097E+22
   994.6075        271.85              3                         0.200 991.485 271.70
  7.4638199E+20  1.0602148E+20  3.3365947E+15  4.1083218E+16  1.9765184E+16  2.2529349E+17  2.7697786E+22  1.0472444E+23
   988.3754        271.60              3                         0.250 985.270 271.50
  7.2067249E+20  1.0444145E+20  3.3246494E+15  4.0470931E+16  1.9438565E+16  2.2193965E+17  2.7285108E+22  1.0316355E+23
   982.1721        271.35              3                         0.300 979.085 271.20
  7.0258476E+20  1.0389220E+20  3.3442290E+15  4.0258713E+16  1.9304332E+16  2.2077195E+17  2.7141927E+22  1.0262233E+23
   976.0074        271.00              3                         0.350 972.932 270.80
  6.9236764E+20  1.0439853E+20  3.3967965E+15  4.0454138E+16  1.9365977E+16  2.2184442E+17  2.7274295E+22  1.0311988E+23
   972.3245        270.80              3                         0.360 971.703 270.80
  1.3255751E+20  2.0211898E+19  6.6180124E+14  7.8316683E+15  3.7453521E+15  4.2948007E+16  5.2801981E+21  1.9964014E+22
   971.0712        270.74              3                         0.370 970.476 270.70
  1.3857018E+20  2.1199242E+19  6.9557955E+14  8.2146038E+15  3.9272427E+15  4.5049805E+16  5.5381541E+21  2.0940412E+22
   969.8519        270.80              3                         0.380 969.256 270.90
  1.3160265E+20  2.0159920E+19  6.6288411E+14  7.8121069E+15  3.7334712E+15  4.2840173E+16  5.2667233E+21  1.9914197E+22
   968.6697        270.96              3                         0.390 968.037 271.00
  1.3799466E+20  2.1130300E+19  6.9619521E+14  8.1880067E+15  3.9117542E+15  4.4901744E+16  5.5203171E+21  2.0871131E+22
   967.4243        271.10              3                         0.400 966.818 271.20
  1.3124707E+20  2.0087943E+19  6.6364640E+14  7.7839185E+15  3.7175049E+15  4.2686696E+16  5.2479844E+21  1.9841817E+22
   963.8005        272.10              3                         0.450 960.770 273.00
  6.7733857E+20  1.0268088E+20  3.4106236E+15  3.9788805E+16  1.8983051E+16  2.1819494E+17  2.6825164E+22  1.0142184E+23
   957.7939        274.34              3                         0.500 954.807 275.70
  6.6896617E+20  1.0021566E+20  3.3620215E+15  3.8833561E+16  1.8496055E+16  2.1295860E+17  2.6181357E+22  9.8987913E+22
   953.6288        276.25              3                         0.520 952.450 276.80
  2.6476704E+20  3.9832346E+19  1.3454495E+15  1.5434962E+16  7.3427432E+15  8.4643729E+16  1.0406357E+22  3.9343861E+22
   949.5332        277.80              3                         0.570 946.611 278.80
  6.3439260E+20  9.8133753E+19  3.3367512E+15  3.8026799E+16  1.8068852E+16  2.0853504E+17  2.5637403E+22  9.6930822E+22
   943.7178        279.35              3                         0.620 940.829 279.90
  6.0421841E+20  9.7965149E+19  3.3623855E+15  3.7961498E+16  1.8006962E+16  2.0817555E+17  2.5593403E+22  9.6764675E+22
   935.1279        280.05              3                         0.720 929.424 280.20
  1.0924610E+21  1.9279437E+20  6.7067477E+15  7.4707847E+16  3.5346640E+16  4.0969033E+17  5.0367470E+22  1.9043284E+23
   926.0386        280.15              3                         0.780 922.638 280.10
  5.8423945E+20  1.1362832E+20  4.0088358E+15  4.4030669E+16  2.0775311E+16  2.4145961E+17  2.9685286E+22  1.1223558E+23
   920.9602        280.10              3                         0.810 919.275 280.10
  2.8003126E+20  5.7451989E+19  2.0424996E+15  2.2262553E+16  1.0487796E+16  1.2208436E+17  1.5009186E+22  5.6747594E+22
   916.4723        280.10              3                         0.860 913.671 280.10
  4.3908376E+20  9.4072104E+19  3.3667736E+15  3.6452719E+16  1.7148953E+16  1.9990071E+17  2.4576461E+22  9.2920033E+22
   910.3419        280.05              3                         0.920 907.016 280.00
  4.9920702E+20  1.1272347E+20  4.0707617E+15  4.3680754E+16  2.0509777E+16  2.3953752E+17  2.9448925E+22  1.1134206E+23
   897.1490        279.85              3                         1.100 887.288 279.70
  1.3799938E+21  3.3357209E+20  1.2274973E+16  1.2925927E+17  6.0438995E+16  7.0883920E+17  8.7145698E+22  3.2948501E+23
   879.2273        279.60              3                         1.250 871.166 279.50
  1.0852657E+21  2.7225824E+20  1.0272107E+16  1.0550051E+17  4.9044086E+16  5.7855134E+17  7.1127695E+22  2.6892353E+23
   863.2366        279.30              3                         1.400 855.313 279.10
  1.1417348E+21  2.6753496E+20  1.0314645E+16  1.0366998E+17  4.7937015E+16  5.6851465E+17  6.9893412E+22  2.6425761E+23
   844.9451        278.60              3                         1.600 834.586 278.10
  1.8355242E+21  3.5031401E+20  1.3838783E+16  1.3574659E+17  6.2378310E+16  7.4441583E+17  9.1519531E+22  3.4603303E+23
   824.4355        277.45              3                         1.800 814.302 276.80
  2.2049387E+21  3.4206820E+20  1.3883721E+16  1.3255198E+17  6.0473543E+16  7.2689422E+17  8.9365468E+22  3.3788217E+23
   804.3422        276.05              3                         2.000 794.398 275.30
  2.2677886E+21  3.3616722E+20  1.4012010E+16  1.3026449E+17  5.9001512E+16  7.1435380E+17  8.7823390E+22  3.3204781E+23
   784.6291        274.65              3                         2.200 774.875 274.00
  2.0485004E+21  3.2973657E+20  1.4122806E+16  1.2778711E+17  5.7447477E+16  7.0071017E+17  8.6143971E+22  3.2569957E+23
   765.3060        273.45              3                         2.400 755.750 272.90
  1.7833710E+21  3.2241565E+20  1.4200378E+16  1.2497330E+17  5.5753190E+16  6.8518575E+17  8.4230734E+22  3.1846733E+23
   746.3870        272.45              3                         2.600 737.035 272.00
  1.5816985E+21  3.1650609E+20  1.4335861E+16  1.2269589E+17  5.4327093E+16  6.7264685E+17  8.2687269E+22  3.1262879E+23
   727.8755        271.50              3                         2.800 718.728 271.00
  1.4131630E+21  3.0908503E+20  1.4397517E+16  1.1981561E+17  5.2669721E+16  6.5687202E+17  8.0748596E+22  3.0529949E+23
   709.7634        270.45              3                         3.000 700.810 269.90
  1.2753088E+21  3.0339357E+20  1.4535046E+16  1.1758418E+17  5.1337285E+16  6.4474036E+17  7.9261534E+22  2.9967618E+23
   692.0283        269.30              3                         3.200 683.260 268.70
  1.1472761E+21  2.9715644E+20  1.4633344E+16  1.1510951E+17  4.9943001E+16  6.3141764E+17  7.7632321E+22  2.9351605E+23
   666.2003        267.41              3                         3.600 649.195 266.10
  1.8645237E+21  5.7568645E+20  2.9538582E+16  2.2267121E+17  9.5867432E+16  1.2228205E+18  1.5039809E+23  5.6864250E+23
   640.9153        265.45              3                         3.800 632.649 264.80
  7.0213440E+20  2.7881601E+20  1.4923775E+16  1.0762777E+17  4.6038347E+16  5.9193748E+17  7.2840446E+22  2.7540245E+23
   624.5900        264.30              3                         4.000 616.542 263.80
  5.3815109E+20  2.7368294E+20  1.5089497E+16  1.0544525E+17  4.4980832E+16  5.8073057E+17  7.1499729E+22  2.7033365E+23
   608.6500        263.30              3                         4.200 600.768 262.80
  4.0077899E+20  2.6781211E+20  1.5231631E+16  1.0295179E+17  4.3872099E+16  5.6784577E+17  6.9965915E+22  2.6453332E+23
   593.0276        262.35              3                         4.400 585.299 261.90
  2.9819850E+20  2.6131912E+20  1.5355028E+16  1.0018943E+17  4.2725574E+16  5.5354470E+17  6.8269738E+22  2.5811972E+23
   574.0174        261.05              3                         4.700 562.761 260.20
  3.3848115E+20  3.8228834E+20  2.3449645E+16  1.4595251E+17  6.2402319E+16  8.0862751E+17  9.9872807E+22  3.7760608E+23
   551.8419        259.30              3                         5.000 540.947 258.40
  2.7144755E+20  3.6944428E+20  2.3926043E+16  1.4015508E+17  6.0214621E+16  7.7990518E+17  9.6517139E+22  3.6491684E+23
   530.3719        257.40              3                         5.300 519.826 256.40
  2.3851787E+20  3.5771212E+20  2.4594980E+16  1.3447539E+17  5.8196493E+16  7.5347106E+17  9.3452232E+22  3.5332829E+23
   509.5830        255.35              3                         5.600 499.369 254.30
  2.2031428E+20  3.4702244E+20  2.5429432E+16  1.2895053E+17  5.6305535E+16  7.2917474E+17  9.0659667E+22  3.4276969E+23
   489.4462        253.20              3                         5.900 479.552 252.10
  1.9889477E+20  3.3560335E+20  2.6180772E+16  1.2317763E+17  5.4249517E+16  7.0322111E+17  8.7676555E+22  3.3149080E+23
   469.9382        250.95              3                         6.200 460.354 249.80
  1.6495326E+20  3.2566729E+20  2.6920417E+16  1.1815368E+17  5.2353070E+16  6.8014236E+17  8.5080779E+22  3.2167735E+23
   451.0445        248.70              3                         6.500 441.763 247.60
  1.3594250E+20  3.1490777E+20  2.7422078E+16  1.1312178E+17  5.0231644E+16  6.5511150E+17  8.2269677E+22  3.1104893E+23
   432.7528        246.50              3                         6.800 423.770 245.40
  1.2552116E+20  3.0483761E+20  2.7879215E+16  1.0854794E+17  4.8155281E+16  6.3149859E+17  7.9638936E+22  3.0110217E+23
   415.0527        244.35              3                         7.100 406.361 243.30
  1.2386554E+20  2.9541963E+20  2.8249791E+16  1.0435275E+17  4.6140198E+16  6.0940597E+17  7.7178421E+22  2.9179896E+23
   397.9261        242.15              3                         7.400 389.517 241.00
  1.1878875E+20  2.8533801E+20  2.8312126E+16  1.0004941E+17  4.3997297E+16  5.8624922E+17  7.4544459E+22  2.8184157E+23
   381.3580        239.85              3                         7.700 373.224 238.70
  1.0609416E+20  2.7653659E+20  2.8575545E+16  9.6298235E+16  4.2024868E+16  5.6603621E+17  7.2245007E+22  2.7314753E+23
   365.3351        237.60              3                         8.000 357.470 236.50
  8.6125564E+19  2.6700294E+20  2.9326531E+16  9.2376449E+16  3.9905890E+16  5.4460976E+17  6.9754449E+22  2.6373155E+23
   347.3302        234.96              3                         8.400 337.235 233.40
  8.7842939E+19  3.4239534E+20  4.2751915E+16  1.1759286E+17  4.9988128E+16  6.9619207E+17  8.9450793E+22  3.3820037E+23
   327.5778        231.66              3                         8.800 317.969 229.90
  7.0389982E+19  3.2753635E+20  4.8997812E+16  1.1156373E+17  4.6353675E+16  6.6386409E+17  8.5568870E+22  3.2352289E+23
   308.6967        228.11              3                         9.200 299.473 226.30
  5.9824023E+19  3.1384791E+20  5.4856100E+16  1.0604681E+17  4.2925376E+16  6.3311268E+17  8.1992679E+22  3.1000272E+23
   290.6186        224.66              3                         9.600 281.807 223.00
  4.7916176E+19  2.9964215E+20  5.8984276E+16  1.0045558E+17  3.9528779E+16  5.9997292E+17  7.8281506E+22  2.9597113E+23
   273.3669        221.41              3                        10.000 264.968 219.80
  3.4996580E+19  2.8599856E+20  6.3334782E+16  9.5141970E+16  3.6323264E+16  5.6731240E+17  7.4717091E+22  2.8249454E+23
   254.9553        217.96              3                        10.500 245.000 216.10
  2.9980575E+19  3.3872811E+20  9.0933829E+16  1.1170951E+17  4.1148368E+16  6.6468014E+17  8.8492688E+22  3.3457818E+23
   235.6174        215.01              3                        11.000 226.267 213.90
  1.9117822E+19  3.1732384E+20  1.0815740E+17  1.0363968E+17  3.6569469E+16  6.1534498E+17  8.2900839E+22  3.1343605E+23
   217.6339        214.69              3                        11.500 208.979 215.50
  1.1712640E+19  2.9351648E+20  1.2141820E+17  9.4935553E+16  3.1888382E+16  5.6246933E+17  7.6681143E+22  2.8992011E+23
   201.1423        217.66              3                        12.000 193.252 219.90
  6.8815459E+18  2.6755942E+20  1.2828919E+17  8.5688068E+16  2.7145675E+16  5.0671303E+17  6.9899906E+22  2.6428135E+23
   186.0891        221.42              3                        12.500 178.892 223.00
  3.1087496E+18  2.4334117E+20  1.3137997E+17  7.7131282E+16  2.2691545E+16  4.5547255E+17  6.3572844E+22  2.4035981E+23
   172.3428        223.49              3                        13.000 165.783 224.00
  1.5280284E+18  2.2329635E+20  1.3314407E+17  7.0009552E+16  1.8808504E+16  4.1306494E+17  5.8336157E+22  2.2056010E+23
   154.0964        224.34              3                        14.000 142.397 224.70
  2.4149201E+18  3.9722403E+20  2.7169692E+17  1.2235310E+17  2.8253686E+16  7.2140875E+17  1.0377477E+23  3.9235713E+23
   132.3943        225.04              3                        15.000 122.381 225.40
  1.9410009E+18  3.4022454E+20  2.7534759E+17  1.0184587E+17  1.9031423E+16  6.0047903E+17  8.8883619E+22  3.3605594E+23
   100.5793        225.96              3                        18.000 78.7396 226.60
  4.0592125E+18  7.6132507E+20  9.0145151E+17  2.0964783E+17  2.7721349E+16  1.2502746E+18  1.9889618E+23  7.5199658E+23
   68.53172        226.93              3                        20.000 58.3134 227.30
  1.9121776E+18  3.4733597E+20  7.1554719E+17  7.8265085E+16  7.1374626E+15  5.0067654E+17  9.0741552E+22  3.4307990E+23
   42.84500        227.47              3                        25.000 27.3677 227.70
  3.0547679E+18  5.2101497E+20  1.9549032E+18  8.0258894E+16  9.1661893E+15  5.9947978E+17  1.3611516E+23  5.1463000E+23
   20.28552        231.34              3                        30.000 13.1189 236.10
  1.5513825E+18  2.4267842E+20  1.5168270E+18  2.2590310E+16  4.9615956E+15  2.1272736E+17  6.3399744E+22  2.3970387E+23
    3         0      THE FOLLOWING CROSS-SECTIONS WERE SELECTED:
CCL4      F11       F12                                                OTHER    
 1 68    3  1.000000 User supplied p H1=   0.018 H2=  30.000 ANG=   0.000 LEN= 0
   1011.720        273.05              3   0.018 1014.39 273.30  0.060 1009.07 272.80
  1.2381080E+13  3.1181798E+13  5.6324373E+13  0.0000000E+00  0.0000000E+00  0.0000000E+00  0.0000000E+00  8.8540390E+22
   1006.539        272.60              3                         0.130 1004.02 272.40
  2.0516386E+13  5.1671237E+13  9.3335520E+13  0.0000000E+00  0.0000000E+00  0.0000000E+00  0.0000000E+00  1.4671554E+23
   1000.882        272.20              3                         0.150 997.738 272.00
  5.8580161E+12  1.4753637E+13  2.6649882E+13  0.0000000E+00  0.0000000E+00  0.0000000E+00  0.0000000E+00  4.1891097E+22
   994.6075        271.85              3                         0.200 991.485 271.70
  1.4644091E+13  3.6881866E+13  6.6620911E+13  0.0000000E+00  0.0000000E+00  0.0000000E+00  0.0000000E+00  1.0472444E+23
   988.3754        271.60              3                         0.250 985.270 271.50
  1.4425885E+13  3.6332898E+13  6.5628728E+13  0.0000000E+00  0.0000000E+00  0.0000000E+00  0.0000000E+00  1.0316355E+23
   982.1721        271.35              3                         0.300 979.085 271.20
  1.4350225E+13  3.6141810E+13  6.5283444E+13  0.0000000E+00  0.0000000E+00  0.0000000E+00  0.0000000E+00  1.0262233E+23
   976.0074        271.00              3                         0.350 972.932 270.80
  1.4419892E+13  3.6317472E+13  6.5601284E+13  0.0000000E+00  0.0000000E+00  0.0000000E+00  0.0000000E+00  1.0311988E+23
   972.3245        270.80              3                         0.360 971.703 270.80
  2.7917188E+12  7.0310460E+12  1.2700519E+13  0.0000000E+00  0.0000000E+00  0.0000000E+00  0.0000000E+00  1.9964014E+22
   971.0712        270.74              3                         0.370 970.476 270.70
  2.9281432E+12  7.3747079E+12  1.3320838E+13  0.0000000E+00  0.0000000E+00  0.0000000E+00  0.0000000E+00  2.0940412E+22
   969.8519        270.80              3                         0.380 969.256 270.90
  2.7846128E+12  7.0131678E+12  1.2668028E+13  0.0000000E+00  0.0000000E+00  0.0000000E+00  0.0000000E+00  1.9914197E+22
   968.6697        270.96              3                         0.390 968.037 271.00
  2.9186937E+12  7.3507007E+12  1.3277978E+13  0.0000000E+00  0.0000000E+00  0.0000000E+00  0.0000000E+00  2.0871131E+22
   967.4243        271.10              3                         0.400 966.818 271.20
  2.7745845E+12  6.9880554E+12  1.2622801E+13  0.0000000E+00  0.0000000E+00  0.0000000E+00  0.0000000E+00  1.9841817E+22
   963.8005        272.10              3                         0.450 960.770 273.00
  1.4182724E+13  3.5720119E+13  6.4522077E+13  0.0000000E+00  0.0000000E+00  0.0000000E+00  0.0000000E+00  1.0142184E+23
   957.7939        274.34              3                         0.500 954.807 275.70
  1.3842281E+13  3.4862617E+13  6.2973071E+13  0.0000000E+00  0.0000000E+00  0.0000000E+00  0.0000000E+00  9.8987913E+22
   953.6288        276.25              3                         0.520 952.450 276.80
  5.5018919E+12  1.3856592E+13  2.5029564E+13  0.0000000E+00  0.0000000E+00  0.0000000E+00  0.0000000E+00  3.9343861E+22
   949.5332        277.80              3                         0.570 946.611 278.80
  1.3554773E+13  3.4138225E+13  6.1665018E+13  0.0000000E+00  0.0000000E+00  0.0000000E+00  0.0000000E+00  9.6930822E+22
   943.7178        279.35              3                         0.620 940.829 279.90
  1.3531398E+13  3.4079634E+13  6.1559187E+13  0.0000000E+00  0.0000000E+00  0.0000000E+00  0.0000000E+00  9.6764675E+22
   935.1279        280.05              3                         0.720 929.424 280.20
  2.6629720E+13  6.7068708E+13  1.2114724E+14  0.0000000E+00  0.0000000E+00  0.0000000E+00  0.0000000E+00  1.9043284E+23
   926.0386        280.15              3                         0.780 922.638 280.10
  1.5694929E+13  3.9527884E+13  7.1401030E+13  0.0000000E+00  0.0000000E+00  0.0000000E+00  0.0000000E+00  1.1223558E+23
   920.9602        280.10              3                         0.810 919.275 280.10
  7.9355146E+12  1.9985871E+13  3.6101369E+13  0.0000000E+00  0.0000000E+00  0.0000000E+00  0.0000000E+00  5.6747594E+22
   916.4723        280.10              3                         0.860 913.671 280.10
  1.2993772E+13  3.2725075E+13  5.9111895E+13  0.0000000E+00  0.0000000E+00  0.0000000E+00  0.0000000E+00  9.2920033E+22
   910.3419        280.05              3                         0.920 907.016 280.00
  1.5569933E+13  3.9213634E+13  7.0833179E+13  0.0000000E+00  0.0000000E+00  0.0000000E+00  0.0000000E+00  1.1134206E+23
   897.1490        279.85              3                         1.100 887.288 279.70
  4.6074648E+13  1.1604120E+14  2.0960915E+14  0.0000000E+00  0.0000000E+00  0.0000000E+00  0.0000000E+00  3.2948501E+23
   879.2273        279.60              3                         1.250 871.166 279.50
  3.7605664E+13  9.4712141E+13  1.7108095E+14  0.0000000E+00  0.0000000E+00  0.0000000E+00  0.0000000E+00  2.6892353E+23
   863.2366        279.30              3                         1.400 855.313 279.10
  3.6953257E+13  9.3069005E+13  1.6811297E+14  0.0000000E+00  0.0000000E+00  0.0000000E+00  0.0000000E+00  2.6425761E+23
   844.9451        278.60              3                         1.600 834.586 278.10
  4.8387114E+13  1.2186519E+14  2.2012828E+14  0.0000000E+00  0.0000000E+00  0.0000000E+00  0.0000000E+00  3.4603303E+23
   824.4355        277.45              3                         1.800 814.302 276.80
  4.7248130E+13  1.1899696E+14  2.1494800E+14  0.0000000E+00  0.0000000E+00  0.0000000E+00  0.0000000E+00  3.3788217E+23
   804.3422        276.05              3                         2.000 794.398 275.30
  4.6433005E+13  1.1694415E+14  2.1123797E+14  0.0000000E+00  0.0000000E+00  0.0000000E+00  0.0000000E+00  3.3204781E+23
   784.6291        274.65              3                         2.200 774.875 274.00
  4.5545008E+13  1.1470738E+14  2.0719885E+14  0.0000000E+00  0.0000000E+00  0.0000000E+00  0.0000000E+00  3.2569957E+23
   765.3060        273.45              3                         2.400 755.750 272.90
  4.4533589E+13  1.1216037E+14  2.0259775E+14  0.0000000E+00  0.0000000E+00  0.0000000E+00  0.0000000E+00  3.1846733E+23
   746.3870        272.45              3                         2.600 737.035 272.00
  4.3717361E+13  1.1010444E+14  1.9888504E+14  0.0000000E+00  0.0000000E+00  0.0000000E+00  0.0000000E+00  3.1262879E+23
   727.8755        271.50              3                         2.800 718.728 271.00
  4.2692361E+13  1.0752300E+14  1.9422082E+14  0.0000000E+00  0.0000000E+00  0.0000000E+00  0.0000000E+00  3.0529949E+23
   709.7634        270.45              3                         3.000 700.810 269.90
  4.1906185E+13  1.0554290E+14  1.9064444E+14  0.0000000E+00  0.0000000E+00  0.0000000E+00  0.0000000E+00  2.9967618E+23
   692.0283        269.30              3                         3.200 683.260 268.70
  4.1044813E+13  1.0337357E+14  1.8672585E+14  0.0000000E+00  0.0000000E+00  0.0000000E+00  0.0000000E+00  2.9351605E+23
   666.2003        267.41              3                         3.600 649.195 266.10
  7.9516563E+13  2.0026657E+14  3.6174718E+14  0.0000000E+00  0.0000000E+00  0.0000000E+00  0.0000000E+00  5.6864250E+23
   640.9153        265.45              3                         3.800 632.649 264.80
  3.8511294E+13  9.6992961E+13  1.7520093E+14  0.0000000E+00  0.0000000E+00  0.0000000E+00  0.0000000E+00  2.7540245E+23
   624.5900        264.30              3                         4.000 616.542 263.80
  3.7802515E+13  9.5207496E+13  1.7197574E+14  0.0000000E+00  0.0000000E+00  0.0000000E+00  0.0000000E+00  2.7033365E+23
   608.6500        263.30              3                         4.200 600.768 262.80
  3.6991522E+13  9.3165139E+13  1.6828645E+14  0.0000000E+00  0.0000000E+00  0.0000000E+00  0.0000000E+00  2.6453332E+23
   593.0276        262.35              3                         4.400 585.299 261.90
  3.6094754E+13  9.0906523E+13  1.6420677E+14  0.0000000E+00  0.0000000E+00  0.0000000E+00  0.0000000E+00  2.5811972E+23
   574.0174        261.05              3                         4.700 562.761 260.20
  5.2803561E+13  1.3298869E+14  2.4022074E+14  0.0000000E+00  0.0000000E+00  0.0000000E+00  0.0000000E+00  3.7760608E+23
   551.8419        259.30              3                         5.000 540.947 258.40
  5.1029433E+13  1.2852025E+14  2.3214954E+14  0.0000000E+00  0.0000000E+00  0.0000000E+00  0.0000000E+00  3.6491684E+23
   530.3719        257.40              3                         5.300 519.826 256.40
  4.9408960E+13  1.2443877E+14  2.2477698E+14  0.0000000E+00  0.0000000E+00  0.0000000E+00  0.0000000E+00  3.5332829E+23
   509.5830        255.35              3                         5.600 499.369 254.30
  4.7932426E+13  1.2072042E+14  2.1806044E+14  0.0000000E+00  0.0000000E+00  0.0000000E+00  0.0000000E+00  3.4276969E+23
   489.4462        253.20              3                         5.900 479.552 252.10
  4.6355276E+13  1.1674826E+14  2.1088491E+14  0.0000000E+00  0.0000000E+00  0.0000000E+00  0.0000000E+00  3.3149080E+23
   469.9382        250.95              3                         6.200 460.354 249.80
  4.4982921E+13  1.1329159E+14  2.0464130E+14  0.0000000E+00  0.0000000E+00  0.0000000E+00  0.0000000E+00  3.2167735E+23
   451.0445        248.70              3                         6.500 441.763 247.60
  4.3496560E+13  1.0954830E+14  1.9787980E+14  0.0000000E+00  0.0000000E+00  0.0000000E+00  0.0000000E+00  3.1104893E+23
   432.7528        246.50              3                         6.800 423.770 245.40
  4.2105733E+13  1.0604544E+14  1.9155242E+14  0.0000000E+00  0.0000000E+00  0.0000000E+00  0.0000000E+00  3.0110217E+23
   415.0527        244.35              3                         7.100 406.361 243.30
  4.0804790E+13  1.0276913E+14  1.8563448E+14  0.0000000E+00  0.0000000E+00  0.0000000E+00  0.0000000E+00  2.9179896E+23
   397.9261        242.15              3                         7.400 389.517 241.00
  3.9412327E+13  9.9261878E+13  1.7929927E+14  0.0000000E+00  0.0000000E+00  0.0000000E+00  0.0000000E+00  2.8184157E+23
   381.3580        239.85              3                         7.700 373.224 238.70
  3.8196528E+13  9.6200095E+13  1.7376876E+14  0.0000000E+00  0.0000000E+00  0.0000000E+00  0.0000000E+00  2.7314753E+23
   365.3351        237.60              3                         8.000 357.470 236.50
  3.6879798E+13  9.2883600E+13  1.6777807E+14  0.0000000E+00  0.0000000E+00  0.0000000E+00  0.0000000E+00  2.6373155E+23
   347.3302        234.96              3                         8.400 337.235 233.40
  4.7293437E+13  1.1911083E+14  2.1515285E+14  0.0000000E+00  0.0000000E+00  0.0000000E+00  0.0000000E+00  3.3820037E+23
   327.5778        231.66              3                         8.800 317.969 229.90
  4.5241017E+13  1.1394166E+14  2.0581552E+14  0.0000000E+00  0.0000000E+00  0.0000000E+00  0.0000000E+00  3.2352289E+23
   308.6967        228.11              3                         9.200 299.473 226.30
  4.3350212E+13  1.0917981E+14  1.9721411E+14  0.0000000E+00  0.0000000E+00  0.0000000E+00  0.0000000E+00  3.1000272E+23
   290.6186        224.66              3                         9.600 281.807 223.00
  4.1388104E+13  1.0423807E+14  1.8828764E+14  0.0000000E+00  0.0000000E+00  0.0000000E+00  0.0000000E+00  2.9597113E+23
   273.3669        221.41              3                        10.000 264.968 219.80
  3.9503520E+13  9.9491634E+13  1.7971423E+14  0.0000000E+00  0.0000000E+00  0.0000000E+00  0.0000000E+00  2.8249454E+23
   254.9553        217.96              3                        10.500 245.000 216.10
  4.6786840E+13  1.1783525E+14  2.1284833E+14  0.0000000E+00  0.0000000E+00  0.0000000E+00  0.0000000E+00  3.3457818E+23
   235.6174        215.01              3                        11.000 226.267 213.90
  4.3830334E+13  1.1038896E+14  1.9939824E+14  0.0000000E+00  0.0000000E+00  0.0000000E+00  0.0000000E+00  3.1343605E+23
   217.6339        214.69              3                        11.500 208.979 215.50
  4.0541929E+13  1.0210703E+14  1.8443831E+14  0.0000000E+00  0.0000000E+00  0.0000000E+00  0.0000000E+00  2.8992011E+23
   201.1423        217.66              3                        12.000 193.252 219.90
  3.6956642E+13  9.3077243E+13  1.6812764E+14  0.0000000E+00  0.0000000E+00  0.0000000E+00  0.0000000E+00  2.6428135E+23
   186.0891        221.42              3                        12.500 178.892 223.00
  3.3611487E+13  8.4652287E+13  1.5290944E+14  0.0000000E+00  0.0000000E+00  0.0000000E+00  0.0000000E+00  2.4035981E+23
   172.3428        223.49              3                        13.000 165.783 224.00
  3.0842791E+13  7.7679173E+13  1.4031383E+14  0.0000000E+00  0.0000000E+00  0.0000000E+00  0.0000000E+00  2.2056010E+23
   154.0964        224.34              3                        14.000 142.397 224.70
  5.4866597E+13  1.3818437E+14  2.4960573E+14  0.0000000E+00  0.0000000E+00  0.0000000E+00  0.0000000E+00  3.9235713E+23
   132.3943        225.04              3                        15.000 122.381 225.40
  4.6993506E+13  1.1835557E+14  2.1378854E+14  0.0000000E+00  0.0000000E+00  0.0000000E+00  0.0000000E+00  3.3605594E+23
   100.5793        225.96              3                        18.000 78.7396 226.60
  1.0515805E+14  2.6484600E+14  4.7839768E+14  0.0000000E+00  0.0000000E+00  0.0000000E+00  0.0000000E+00  7.5199658E+23
   68.53172        226.93              3                        20.000 58.3134 227.30
  4.7975800E+13  1.2082953E+14  2.1825732E+14  0.0000000E+00  0.0000000E+00  0.0000000E+00  0.0000000E+00  3.4307990E+23
   42.84500        227.47              3                        25.000 27.3677 227.70
  7.1965197E+13  1.8124809E+14  3.2739281E+14  0.0000000E+00  0.0000000E+00  0.0000000E+00  0.0000000E+00  5.1463000E+23
   20.28552        231.34              3                        30.000 13.1189 236.10
  3.3519961E+13  8.4421760E+13  1.5249307E+14  0.0000000E+00  0.0000000E+00  0.0000000E+00  0.0000000E+00  2.3970387E+23
